$totdays
[1] 365

$cpi
 [1] 339.0033 344.7770 335.0730 363.8564 343.2909 360.8543 344.9199 355.7189 361.1218 357.2351
[11] 345.6517 340.6126 357.4166 344.8690 344.9650 364.0799 344.8424 344.7193 339.2599 348.0412
[21] 354.8218 359.0013 360.7730 337.5598 363.5571 358.2682 344.5225 363.4128 364.7873 351.3229
[31] 336.2331 343.4959 357.5143 359.7623 361.5644 350.6345 342.6592 345.9905 354.1006 362.5730
[41] 343.9007 344.8654 342.8882 351.7336 344.5111 352.9880 361.1543 354.9308 343.5935 353.3170

$Psampest
[1] 0.05516503

$Pbootest
      Mean       2.5%        50%      97.5% 
0.06711816 0.00000000 0.05598794 0.20666998 

$Pboots
 [1] 0.11390899 0.00000000 0.00000000 0.10612846 0.05624315 0.05350570 0.00000000 0.16283442
 [9] 0.05346606 0.10809553 0.11171803 0.05668539 0.10804065 0.05598578 0.00000000 0.05303165
[17] 0.05599009 0.11202019 0.00000000 0.00000000 0.10883074 0.00000000 0.00000000 0.22879216
[25] 0.00000000 0.10778384 0.00000000 0.15938703 0.10585765 0.05495730 0.05742374 0.11241916
[33] 0.00000000 0.05366811 0.10680124 0.05506521 0.16904052 0.00000000 0.00000000 0.10650412
[41] 0.05614341 0.00000000 0.11261839 0.00000000 0.11208788 0.05469806 0.00000000 0.21759466
[49] 0.16858087 0.00000000

$Bboots
 [1] 0.002444671 0.000000000 0.000000000 0.002444671 0.001222336 0.001222336 0.000000000
 [8] 0.003667007 0.001222336 0.002444671 0.002444671 0.001222336 0.002444671 0.001222336
[15] 0.000000000 0.001222336 0.001222336 0.002444671 0.000000000 0.000000000 0.002444671
[22] 0.000000000 0.000000000 0.004889343 0.000000000 0.002444671 0.000000000 0.003667007
[29] 0.002444671 0.001222336 0.001222336 0.002444671 0.000000000 0.001222336 0.002444671
[36] 0.001222336 0.003667007 0.000000000 0.000000000 0.002444671 0.001222336 0.000000000
[43] 0.002444671 0.000000000 0.002444671 0.001222336 0.000000000 0.004889343 0.003667007
[50] 0.000000000

$Nboots
 [1] 11.112143  0.000000  0.000000 11.112143  5.556071  5.556071  0.000000 16.668214  5.556071
[10] 11.112143 11.112143  5.556071 11.112143  5.556071  0.000000  5.556071  5.556071 11.112143
[19]  0.000000  0.000000 11.112143  0.000000  0.000000 22.224286  0.000000 11.112143  0.000000
[28] 16.668214 11.112143  5.556071  5.556071 11.112143  0.000000  5.556071 11.112143  5.556071
[37] 16.668214  0.000000  0.000000 11.112143  5.556071  0.000000 11.112143  0.000000 11.112143
[46]  5.556071  0.000000 22.224286 16.668214  0.000000

$julians
[1] 623 735 839 897 988

$intdays
[1] 112 104  58  91

$Bdatesampinfo
       DATE JULIAN N        Mean      Stdev
1 9/15/2007    623 7 0.000000000 0.00000000
2  1/5/2008    735 7 0.000000000 0.00000000
3 4/18/2008    839 7 0.000000000 0.00000000
4 6/15/2008    897 7 0.000000000 0.00000000
5 9/14/2008    988 7 0.009778686 0.02587197

$Ndatesampinfo
       DATE JULIAN N     Mean    Stdev
1 9/15/2007    623 7  0.00000   0.0000
2  1/5/2008    735 7  0.00000   0.0000
3 4/18/2008    839 7  0.00000   0.0000
4 6/15/2008    897 7  0.00000   0.0000
5 9/14/2008    988 7 44.44857 117.5999

$Bdateboots
      [,1] [,2] [,3] [,4]        [,5]
 [1,]    0    0    0    0 0.019557371
 [2,]    0    0    0    0 0.000000000
 [3,]    0    0    0    0 0.000000000
 [4,]    0    0    0    0 0.019557371
 [5,]    0    0    0    0 0.009778686
 [6,]    0    0    0    0 0.009778686
 [7,]    0    0    0    0 0.000000000
 [8,]    0    0    0    0 0.029336057
 [9,]    0    0    0    0 0.009778686
[10,]    0    0    0    0 0.019557371
[11,]    0    0    0    0 0.019557371
[12,]    0    0    0    0 0.009778686
[13,]    0    0    0    0 0.019557371
[14,]    0    0    0    0 0.009778686
[15,]    0    0    0    0 0.000000000
[16,]    0    0    0    0 0.009778686
[17,]    0    0    0    0 0.009778686
[18,]    0    0    0    0 0.019557371
[19,]    0    0    0    0 0.000000000
[20,]    0    0    0    0 0.000000000
[21,]    0    0    0    0 0.019557371
[22,]    0    0    0    0 0.000000000
[23,]    0    0    0    0 0.000000000
[24,]    0    0    0    0 0.039114743
[25,]    0    0    0    0 0.000000000
[26,]    0    0    0    0 0.019557371
[27,]    0    0    0    0 0.000000000
[28,]    0    0    0    0 0.029336057
[29,]    0    0    0    0 0.019557371
[30,]    0    0    0    0 0.009778686
[31,]    0    0    0    0 0.009778686
[32,]    0    0    0    0 0.019557371
[33,]    0    0    0    0 0.000000000
[34,]    0    0    0    0 0.009778686
[35,]    0    0    0    0 0.019557371
[36,]    0    0    0    0 0.009778686
[37,]    0    0    0    0 0.029336057
[38,]    0    0    0    0 0.000000000
[39,]    0    0    0    0 0.000000000
[40,]    0    0    0    0 0.019557371
[41,]    0    0    0    0 0.009778686
[42,]    0    0    0    0 0.000000000
[43,]    0    0    0    0 0.019557371
[44,]    0    0    0    0 0.000000000
[45,]    0    0    0    0 0.019557371
[46,]    0    0    0    0 0.009778686
[47,]    0    0    0    0 0.000000000
[48,]    0    0    0    0 0.039114743
[49,]    0    0    0    0 0.029336057
[50,]    0    0    0    0 0.000000000

$Ndateboots
      [,1] [,2] [,3] [,4]      [,5]
 [1,]    0    0    0    0  88.89714
 [2,]    0    0    0    0   0.00000
 [3,]    0    0    0    0   0.00000
 [4,]    0    0    0    0  88.89714
 [5,]    0    0    0    0  44.44857
 [6,]    0    0    0    0  44.44857
 [7,]    0    0    0    0   0.00000
 [8,]    0    0    0    0 133.34571
 [9,]    0    0    0    0  44.44857
[10,]    0    0    0    0  88.89714
[11,]    0    0    0    0  88.89714
[12,]    0    0    0    0  44.44857
[13,]    0    0    0    0  88.89714
[14,]    0    0    0    0  44.44857
[15,]    0    0    0    0   0.00000
[16,]    0    0    0    0  44.44857
[17,]    0    0    0    0  44.44857
[18,]    0    0    0    0  88.89714
[19,]    0    0    0    0   0.00000
[20,]    0    0    0    0   0.00000
[21,]    0    0    0    0  88.89714
[22,]    0    0    0    0   0.00000
[23,]    0    0    0    0   0.00000
[24,]    0    0    0    0 177.79429
[25,]    0    0    0    0   0.00000
[26,]    0    0    0    0  88.89714
[27,]    0    0    0    0   0.00000
[28,]    0    0    0    0 133.34571
[29,]    0    0    0    0  88.89714
[30,]    0    0    0    0  44.44857
[31,]    0    0    0    0  44.44857
[32,]    0    0    0    0  88.89714
[33,]    0    0    0    0   0.00000
[34,]    0    0    0    0  44.44857
[35,]    0    0    0    0  88.89714
[36,]    0    0    0    0  44.44857
[37,]    0    0    0    0 133.34571
[38,]    0    0    0    0   0.00000
[39,]    0    0    0    0   0.00000
[40,]    0    0    0    0  88.89714
[41,]    0    0    0    0  44.44857
[42,]    0    0    0    0   0.00000
[43,]    0    0    0    0  88.89714
[44,]    0    0    0    0   0.00000
[45,]    0    0    0    0  88.89714
[46,]    0    0    0    0  44.44857
[47,]    0    0    0    0   0.00000
[48,]    0    0    0    0 177.79429
[49,]    0    0    0    0 133.34571
[50,]    0    0    0    0   0.00000

