$totdays
[1] 365

$cpi
 [1] 349.4436 346.1019 338.4380 357.2380 357.7680 357.5091 336.6121 345.3541 349.7148 346.6703
[11] 344.9136 340.5240 351.5579 363.4220 354.2839 354.9313 339.3334 363.3912 364.1604 363.2612
[21] 346.4957 346.2793 358.4579 350.1196 335.8663 336.6137 357.2586 350.0527 344.5716 343.7404
[31] 351.4664 354.8720 355.2305 361.3122 351.8857 351.4293 359.2810 335.1638 357.3395 357.6594
[41] 360.9837 354.6814 349.7769 363.8085 354.6570 348.1458 362.5201 349.3227 354.8113 362.3676

$Psampest
[1] 16.39933

$Pbootest
     Mean      2.5%       50%     97.5% 
17.576918  2.231822 16.916031 33.135688 

$Pboots
 [1] 12.645572 24.065207 16.860981 16.596405  9.023682 21.004270 20.843352 16.619949 17.790888
[10]  2.176404 23.242322  7.395613 25.306814 20.662528 35.429565 19.673540 16.971082  8.169943
[19] 10.811020 15.586313 16.468882 14.602698 29.609626  4.611744 21.760135 24.512221  1.074181
[28] 21.397153 10.102536 16.795052 19.160329 28.127514 27.005803 20.998689 21.434766  4.689515
[37] 33.288884 11.182132  2.422709  7.150143 32.608016 24.895779 12.688095 20.588110 13.944112
[46] 16.390822 22.328299 14.828505 10.820501 32.483491

$Bboots
 [1] 1.97935310 4.05938218 2.41027020 2.43907020 0.78419805 2.94586714 2.86134659 2.41891002
 [9] 2.52071022 0.12088055 3.82054601 0.65647749 3.40846389 2.94010697 4.69677932 2.85270677
[17] 1.64315171 0.71119785 1.87755290 2.41314985 2.41027020 2.09267365 4.70253950 0.26300110
[25] 3.65438543 4.05362200 0.03348035 3.72162545 0.76403787 2.42754985 2.51207040 4.58921894
[33] 4.29754275 2.95738750 2.96026714 0.27164093 5.90921491 1.85739273 0.13528055 0.66223767
[41] 5.88905473 3.38542406 1.20935497 3.72162545 2.07827365 2.41027020 3.82630618 2.31134965
[49] 1.09027424 5.88905473

$Nboots
 [1] 13.05 25.02 15.75 22.95 11.16 15.12 19.17 16.83 14.94  5.04 18.90  4.41 23.58 12.60 22.50
[16] 18.09 12.60 20.25 14.94 14.31 15.75 16.20 25.02 15.39 30.96 22.50 10.53 19.35  5.04 17.91
[31] 13.86 21.87 30.96 20.16 18.72 16.47 31.95  8.82  8.64  6.93 25.83 18.90 11.34 19.35 12.60
[46] 15.75 21.42 16.20  5.67 25.83

$julians
[1] 623 735 839 897 988

$intdays
[1] 112 104  58  91

$Bdatesampinfo
       DATE JULIAN N       Mean       Stdev
1 9/15/2007    623 3 5.25181995  6.87825360
2  1/5/2008    735 3 0.05760000  0.09976613
3 4/18/2008    839 3 0.00000000  0.00000000
4 6/15/2008    897 3 6.96908941 12.07081694
5 9/14/2008    988 3 0.04608142  0.07981536

$Ndatesampinfo
       DATE JULIAN N  Mean    Stdev
1 9/15/2007    623 3 35.28 23.09618
2  1/5/2008    735 3 14.40 24.94153
3 4/18/2008    839 3  0.00  0.00000
4 6/15/2008    897 3 25.20 43.64768
5 9/14/2008    988 3 20.16 34.91814

$Bdateboots
           [,1]   [,2] [,3]      [,4]       [,5]
 [1,]  1.781446 0.0576    0  6.969089 0.00000000
 [2,]  4.391337 0.0576    0 13.938179 0.09216283
 [3,]  5.251820 0.0000    0  6.969089 0.09216283
 [4,]  5.251820 0.1152    0  6.969089 0.09216283
 [5,]  6.112303 0.0576    0  0.000000 0.04608142
 [6,]  9.582677 0.0000    0  6.969089 0.04608142
 [7,]  8.722194 0.1152    0  6.969089 0.00000000
 [8,]  5.251820 0.0576    0  6.969089 0.04608142
 [9,]  6.112303 0.0576    0  6.969089 0.00000000
[10,]  0.920963 0.0000    0  0.000000 0.04608142
[11,]  2.641929 0.0000    0 13.938179 0.04608142
[12,]  5.251820 0.0000    0  0.000000 0.00000000
[13,] 13.053051 0.1152    0  6.969089 0.04608142
[14,]  9.582677 0.0000    0  6.969089 0.00000000
[15,]  9.582677 0.0576    0 13.938179 0.00000000
[16,]  8.722194 0.0576    0  6.969089 0.04608142
[17,] 13.053051 0.0000    0  0.000000 0.09216283
[18,]  5.251820 0.1728    0  0.000000 0.09216283
[19,]  0.920963 0.0576    0  6.969089 0.04608142
[20,]  5.251820 0.0576    0  6.969089 0.00000000
[21,]  5.251820 0.0000    0  6.969089 0.09216283
[22,]  2.641929 0.0576    0  6.969089 0.04608142
[23,]  9.582677 0.0576    0 13.938179 0.04608142
[24,]  1.781446 0.1152    0  0.000000 0.09216283
[25,]  0.920963 0.1728    0 13.938179 0.09216283
[26,]  4.391337 0.0576    0 13.938179 0.04608142
[27,]  0.060480 0.0576    0  0.000000 0.09216283
[28,]  1.781446 0.0576    0 13.938179 0.00000000
[29,]  6.112303 0.0000    0  0.000000 0.00000000
[30,]  5.251820 0.1152    0  6.969089 0.00000000
[31,]  6.112303 0.0000    0  6.969089 0.04608142
[32,]  8.722194 0.0576    0 13.938179 0.00000000
[33,]  6.112303 0.1728    0 13.938179 0.04608142
[34,]  9.582677 0.0000    0  6.969089 0.13824425
[35,]  9.582677 0.0576    0  6.969089 0.04608142
[36,]  1.781446 0.1728    0  0.000000 0.04608142
[37,]  5.251820 0.0576    0 20.907268 0.09216283
[38,]  0.920963 0.0000    0  6.969089 0.00000000
[39,]  0.920963 0.0576    0  0.000000 0.04608142
[40,]  5.251820 0.0000    0  0.000000 0.04608142
[41,]  5.251820 0.0000    0 20.907268 0.04608142
[42,] 13.053051 0.0000    0  6.969089 0.09216283
[43,]  9.582677 0.0000    0  0.000000 0.09216283
[44,]  1.781446 0.0576    0 13.938179 0.00000000
[45,]  2.641929 0.0000    0  6.969089 0.04608142
[46,]  5.251820 0.0000    0  6.969089 0.09216283
[47,]  2.641929 0.0000    0 13.938179 0.09216283
[48,]  4.391337 0.0576    0  6.969089 0.04608142
[49,]  8.722194 0.0000    0  0.000000 0.00000000
[50,]  5.251820 0.0000    0 20.907268 0.04608142

$Ndateboots
       [,1] [,2] [,3] [,4]  [,5]
 [1,] 25.20 14.4    0 25.2  0.00
 [2,] 30.24 14.4    0 50.4 40.32
 [3,] 35.28  0.0    0 25.2 40.32
 [4,] 35.28 28.8    0 25.2 40.32
 [5,] 40.32 14.4    0  0.0 20.16
 [6,] 50.40  0.0    0 25.2 20.16
 [7,] 45.36 28.8    0 25.2  0.00
 [8,] 35.28 14.4    0 25.2 20.16
 [9,] 40.32 14.4    0 25.2  0.00
[10,] 20.16  0.0    0  0.0 20.16
[11,] 30.24  0.0    0 50.4 20.16
[12,] 35.28  0.0    0  0.0  0.00
[13,] 60.48 28.8    0 25.2 20.16
[14,] 50.40  0.0    0 25.2  0.00
[15,] 50.40 14.4    0 50.4  0.00
[16,] 45.36 14.4    0 25.2 20.16
[17,] 60.48  0.0    0  0.0 40.32
[18,] 35.28 43.2    0  0.0 40.32
[19,] 20.16 14.4    0 25.2 20.16
[20,] 35.28 14.4    0 25.2  0.00
[21,] 35.28  0.0    0 25.2 40.32
[22,] 30.24 14.4    0 25.2 20.16
[23,] 50.40 14.4    0 50.4 20.16
[24,] 25.20 28.8    0  0.0 40.32
[25,] 20.16 43.2    0 50.4 40.32
[26,] 30.24 14.4    0 50.4 20.16
[27,] 15.12 14.4    0  0.0 40.32
[28,] 25.20 14.4    0 50.4  0.00
[29,] 40.32  0.0    0  0.0  0.00
[30,] 35.28 28.8    0 25.2  0.00
[31,] 40.32  0.0    0 25.2 20.16
[32,] 45.36 14.4    0 50.4  0.00
[33,] 40.32 43.2    0 50.4 20.16
[34,] 50.40  0.0    0 25.2 60.48
[35,] 50.40 14.4    0 25.2 20.16
[36,] 25.20 43.2    0  0.0 20.16
[37,] 35.28 14.4    0 75.6 40.32
[38,] 20.16  0.0    0 25.2  0.00
[39,] 20.16 14.4    0  0.0 20.16
[40,] 35.28  0.0    0  0.0 20.16
[41,] 35.28  0.0    0 75.6 20.16
[42,] 60.48  0.0    0 25.2 40.32
[43,] 50.40  0.0    0  0.0 40.32
[44,] 25.20 14.4    0 50.4  0.00
[45,] 30.24  0.0    0 25.2 20.16
[46,] 35.28  0.0    0 25.2 40.32
[47,] 30.24  0.0    0 50.4 40.32
[48,] 30.24 14.4    0 25.2 20.16
[49,] 45.36  0.0    0  0.0  0.00
[50,] 35.28  0.0    0 75.6 20.16

