$totdays
[1] 365

$pb
[1] 5

$Psampest
[1] 35.87671

$Pbootest
    Mean     2.5%      50%    97.5% 
35.41503 23.18733 35.10389 50.67363 

$Pboots
 [1] 35.53854 25.13265 47.15722 31.65388 34.66925 38.21505 24.05087 37.10620 29.99315 28.21348
[11] 24.02852 30.09163 26.96839 36.21241 46.14952 28.63647 22.94311 60.35235 26.76247 43.96144
[21] 45.23152 37.88307 31.34550 44.88430 39.08152 38.87753 42.50722 32.43690 42.87428 31.43479
[31] 24.84280 43.52270 30.73033 25.49559 42.54502 16.41154 30.80285 35.63908 34.06073 30.33904
[41] 36.52963 32.13858 48.62957 36.62105 49.58140 38.15807 39.53608 50.99073 29.24360 30.53984

$Bboots
 [1]  7.107707  5.026531  9.431443  6.330776  6.933850  7.643010  4.810174  7.421240  5.998631
[10]  5.642697  4.805705  6.018326  5.393679  7.242481  9.229904  5.727294  4.588622 12.070470
[19]  5.352493  8.792287  9.046305  7.576615  6.269100  8.976861  7.816304  7.775506  8.501444
[28]  6.487381  8.574856  6.286958  4.968560  8.704540  6.146066  5.099118  8.509004  3.282309
[37]  6.160571  7.127816  6.812145  6.067809  7.305926  6.427716  9.725913  7.324210  9.916280
[46]  7.631614  7.907216 10.198146  5.848719  6.107967

$Nboots
 [1] 101.03821  74.28357 131.18268  84.43929  91.27893  93.93857  49.42464 115.23679 104.72893
[10] 104.17321  99.39250  84.93393  63.86357 106.64732 133.61518 115.01893  51.98589 156.88768
[19]  89.99375 100.51732 128.57911 123.75750  97.02071 110.30143  89.49036 105.04214  91.26554
[28]  86.15268 116.30964  72.36625  62.20250 120.69071  66.96161  60.04482 109.23696  48.36929
[37]  65.87946 109.17982  88.51393  87.78661 102.40179  74.21357 102.66768 113.62339 145.72946
[46] 123.39446  92.18982 137.51714  84.90857  83.20768

$julians
[1] 623 735 839 897 988

$intdays
[1] 112 104  58  91

$Bdatesampinfo
       DATE JULIAN N      Mean     Stdev
1 9/15/2007    623 7 14.776421 16.336658
2  1/5/2008    735 7  7.323569 11.107613
3 4/18/2008    839 7  2.246510  4.712118
4 6/15/2008    897 7  2.125107  3.641337
5 9/14/2008    988 7 19.235944 33.799774

$Ndatesampinfo
       DATE JULIAN N      Mean     Stdev
1 9/15/2007    623 7 213.86000 215.01493
2  1/5/2008    735 7 154.35714 217.77918
3 4/18/2008    839 7  17.89429  37.00079
4 6/15/2008    897 7  14.77143  26.81194
5 9/14/2008    988 7 201.43429 382.58466

$Bdateboots
           [,1]       [,2]      [,3]      [,4]      [,5]
 [1,] 14.479216  0.7689539 1.8001721 1.9787753 33.286640
 [2,] 22.230217  6.5546148 0.8926757 0.9893877  1.108674
 [3,] 17.314912 11.9601509 5.4005162 3.1144946 17.186312
 [4,] 20.180863 12.6975418 0.8926757 1.1357193  1.013472
 [5,] 21.392721  7.7352566 2.2465099 1.1357193 11.843105
 [6,] 29.092462  0.7689539 0.4463379 0.9893877 27.642256
 [7,] 14.776421  0.0000000 3.6003441 3.1144946 10.275296
 [8,] 10.985314 12.3718387 2.2465099 2.2714386 14.605032
 [9,] 16.510424  5.4055360 0.0000000 3.2608263 14.145897
[10,] 17.906463 11.1911970 0.0000000 1.1357193  2.581280
[11,] 13.869411  2.3068616 1.8001721 4.2502140  7.861731
[12,] 11.400434  4.6365822 2.2465099 1.1357193 20.708551
[13,] 12.432614  3.8676283 4.4930198 3.1144946  7.766529
[14,] 22.237967  5.4055360 0.8926757 4.2502140 14.605032
[15,] 18.193165 13.1092297 0.8926757 0.0000000 27.642256
[16,]  3.050131 12.7291047 0.4463379 1.1357193 14.145897
[17,]  9.005366  0.0000000 0.4463379 1.9787753 22.853385
[18,] 13.928422  7.7352566 1.7853514 3.4071579 56.779807
[19,] 15.611164  4.6365822 0.4463379 0.9893877 15.064167
[20,] 18.813473 11.9285879 4.4930198 0.0000000 18.681608
[21,] 20.598736  8.0925226 2.2465099 0.9893877 29.114862
[22,] 24.025984  6.1744899 0.0000000 2.2714386 19.695079
[23,] 12.806977  2.3068616 4.9393577 0.0000000 22.853385
[24,] 12.248433 13.1092297 0.4463379 1.9787753 28.497769
[25,] 13.329121 11.9285879 0.4463379 3.1144946 18.222473
[26,] 18.203668 10.0105553 2.6928478 2.2714386 14.050695
[27,] 16.285485  9.2416014 2.2465099 4.2502140 20.249416
[28,] 11.349174  7.7352566 4.4930198 2.1251070 11.843105
[29,] 16.694604  4.6365822 3.6003441 4.2502140 26.929961
[30,] 13.593212  8.0609596 1.8001721 0.9893877 15.001411
[31,]  5.393938  3.8676283 0.4463379 2.9681630 19.790281
[32,] 17.068967 10.0105553 2.2465099 0.9893877 26.074447
[33,] 21.392721  2.6869865 0.0000000 3.1144946 16.172840
[34,] 13.931175  2.6869865 2.2465099 1.9787753 13.037224
[35,] 28.247216  4.2248943 0.8926757 2.1251070 25.339463
[36,] 13.744241  0.7689539 0.8926757 0.9893877  7.212192
[37,] 14.551483  3.4559404 3.6003441 2.2714386 16.077638
[38,] 11.910470 13.8781835 0.8926757 0.9893877 13.591560
[39,]  8.344301  6.5546148 2.6928478 2.1251070 23.407722
[40,] 13.093679  8.5042104 2.2465099 4.1038823  5.739586
[41,] 14.551483  2.3068616 4.0466820 0.9893877 29.210064
[42,] 10.698611  6.5546148 2.6928478 0.9893877 20.249416
[43,] 11.359677  9.2416014 2.6928478 3.1144946 36.349744
[44,] 17.601614  9.2731643 0.8926757 0.9893877 18.681608
[45,] 10.974810  8.0925226 0.4463379 3.2608263 44.756055
[46,] 11.238902 10.0105553 0.4463379 1.1357193 26.628784
[47,] 11.400434  8.8299135 7.6470261 1.1357193 16.631975
[48,] 24.779211 11.9601509 4.0466820 2.2714386 20.249416
[49,] 17.406930  6.9118809 0.8926757 1.9787753  9.816161
[50,]  9.607421  6.5546148 3.1391856 2.1251070 15.618504

$Ndateboots
           [,1]      [,2]      [,3]      [,4]       [,5]
 [1,] 304.59571  50.89857 14.108571 10.277143 353.141429
 [2,] 344.23429 103.45857  7.571429  5.138571  17.697143
 [3,] 184.19143 282.17143 42.325714 19.910000 176.455714
 [4,] 222.69429 207.44286  7.571429  9.632857   3.525714
 [5,] 269.85714 153.83143 17.894286  9.632857  97.657143
 [6,] 323.12571  50.89857  3.785714  5.138571 308.737143
 [7,] 213.86000   0.00000 28.217143 19.910000  85.282857
 [8,] 123.72714 281.64571 17.894286 19.265714 160.555714
 [9,] 265.71857 178.71286  0.000000 24.404286 165.878571
[10,] 335.67429 231.27286  0.000000  9.632857  15.900000
[11,] 322.64714 152.69571 14.108571 29.542857  79.798571
[12,] 169.15143 127.81429 17.894286  9.632857 199.637143
[13,] 180.05286  76.91571 35.788571 19.910000  65.627143
[14,] 260.96857 178.71286  7.571429 29.542857 160.555714
[15,] 331.20714 206.91714  7.571429  0.000000 308.737143
[16,]  61.29571 333.07000  3.785714  9.632857 165.878571
[17,] 148.97429   0.00000  3.785714 10.277143 238.787143
[18,] 225.75143 153.83143 15.142857 28.898571 633.604286
[19,] 291.24000 127.81429  3.785714  5.138571 155.232857
[20,] 226.88714 156.54429 35.788571  0.000000 192.585714
[21,] 265.11571 205.25571 17.894286  5.138571 306.940000
[22,] 296.19429 229.61143  0.000000 19.265714 196.111429
[23,] 152.83857 152.69571 39.574286  0.000000 238.787143
[24,] 157.26000 206.91714  3.785714 10.277143 283.191429
[25,] 157.53429 156.54429  3.785714 19.910000 197.908571
[26,] 244.93857 180.90000 21.680000 19.265714 151.707143
[27,] 170.28714 130.00143 17.894286 29.542857 204.960000
[28,] 182.78143 153.83143 35.788571 14.771429  97.657143
[29,] 288.51143 127.81429 28.217143 29.542857 270.817143
[30,] 240.84571  79.62857 14.108571  5.138571 140.332857
[31,]  95.10286  76.91571  3.785714 15.415714 210.282857
[32,] 261.29714 180.90000 17.894286  5.138571 296.362857
[33,] 269.85714  26.54286  0.000000 19.910000 172.930000
[34,] 222.74857  26.54286 17.894286 10.277143 148.181429
[35,] 332.01429 128.34000  7.571429 14.771429 240.515714
[36,] 202.95857  50.89857  7.571429  5.138571  56.778571
[37,] 118.42857  77.44143 28.217143 19.265714 158.758571
[38,] 175.35714 257.81571  7.571429  5.138571 157.030000
[39,] 180.65571 103.45857 21.680000 14.771429 247.635714
[40,] 148.37143 204.73000 17.894286 25.048571  58.575714
[41,] 118.42857 152.69571 32.002857  5.138571 321.111429
[42,] 128.19429 103.45857 21.680000  5.138571 204.960000
[43,]  96.51286 130.00143 21.680000 19.910000 381.645714
[44,] 179.72429 255.62857  7.571429  5.138571 192.585714
[45,] 209.99571 205.25571  3.785714 24.404286 488.948571
[46,] 293.30714 180.90000  3.785714  9.632857 305.211429
[47,] 169.15143 130.52714 60.220000  9.632857 167.607143
[48,] 228.29714 282.17143 32.002857 19.265714 204.960000
[49,] 243.20000 154.88286  7.571429 10.277143  90.605714
[50,] 214.18857 103.45857 25.465714 14.771429 164.081429

