$totdays
[1] 365

$pb
[1] 5

$Psampest
[1] 1.361527

$Pbootest
     Mean      2.5%       50%     97.5% 
1.3125113 0.5763501 1.2463236 2.1744615 

$Pboots
 [1] 0.9928672 0.9006982 0.8420507 1.2944945 0.5320499 1.7678859 1.3615265 1.3489580 0.7289397
[10] 0.8420507 1.1227361 1.5793695 0.7708348 1.6003170 1.0976047 1.1562521 2.0401978 1.1897626
[19] 1.3824740 0.9677302 1.1897626 1.5165270 1.0682782 1.2148996 1.1897626 1.0766516 0.5320499
[28] 1.1730046 1.9061338 0.9384092 1.7176174 1.7092384 0.8881352 2.1951983 1.4913955 0.7834032
[37] 1.3615265 1.5751744 0.9425987 1.7511334 1.2568001 2.1030348 2.2203297 0.7750242 1.2358471
[46] 1.8014019 1.7678859 1.3573315 1.2693631 2.0988453

$Bboots
 [1] 0.1985734 0.1801396 0.1684101 0.2588989 0.1064100 0.3535772 0.2723053 0.2697916 0.1457879
[10] 0.1684101 0.2245472 0.3158739 0.1541669 0.3200634 0.2195209 0.2312504 0.4080396 0.2379525
[19] 0.2764948 0.1935460 0.2379525 0.3033054 0.2136556 0.2429799 0.2379525 0.2153303 0.1064100
[28] 0.2346009 0.3812268 0.1876818 0.3435235 0.3418477 0.1776270 0.4390397 0.2982791 0.1566807
[37] 0.2723053 0.3150349 0.1885197 0.3502267 0.2513600 0.4206070 0.4440659 0.1550048 0.2471694
[46] 0.3602804 0.3535772 0.2714663 0.2538726 0.4197691

$Nboots
 [1]  79.79667  70.55667  68.24708 101.63542  40.94875 137.54375 106.67542 106.67542  56.69750
[10]  68.24708  87.77625 125.15458  61.73750 125.57458  83.78667  90.29625 159.17333  92.60583
[19] 109.19542  77.69667  92.60583 116.54458  85.25667  94.70583  92.60583  83.15625  40.94875
[28]  94.07583 149.09333  71.81708 136.70417 133.13417  70.76708 169.04250 114.65500  61.73750
[37] 106.67542 120.95417  75.80708 139.22417  97.85625 162.11292 170.93208  61.31750  97.22583
[46] 140.06375 137.54375 110.03500  99.74583 163.58292

$julians
[1] 623 735 839 897 988

$intdays
[1] 112 104  58  91

$Bdatesampinfo
       DATE JULIAN N      Mean      Stdev
1 9/15/2007    623 3 1.4143043 1.12506446
2  1/5/2008    735 3 0.2278999 0.32755115
3 4/18/2008    839 3 0.0268128 0.04644113
4 6/15/2008    897 3 0.0268128 0.04644113
5 9/14/2008    988 3 0.2010871 0.22391670

$Ndatesampinfo
       DATE JULIAN N      Mean     Stdev
1 9/15/2007    623 3 549.33333 422.88896
2  1/5/2008    735 3  94.07667 137.59026
3 4/18/2008    839 3  10.08000  17.45907
4 6/15/2008    897 3  10.08000  17.45907
5 9/14/2008    988 3  75.59667  84.17921

$Bdateboots
           [,1]      [,2]      [,3]      [,4]      [,5]
 [1,] 0.5831518 0.4021743 0.0000000 0.0268128 0.1474615
 [2,] 0.8378557 0.0268128 0.0268128 0.0268128 0.4423846
 [3,] 0.8378557 0.2278999 0.0000000 0.0268128 0.0000000
 [4,] 1.4143043 0.2278999 0.0000000 0.0000000 0.2010871
 [5,] 0.5831518 0.0536256 0.0000000 0.0000000 0.1608768
 [6,] 2.1181048 0.2010871 0.0000000 0.0268128 0.2547127
 [7,] 1.4143043 0.2010871 0.0268128 0.0536256 0.2010871
 [8,] 1.5416562 0.2547127 0.0268128 0.0000000 0.0536256
 [9,] 0.7105037 0.0536256 0.0268128 0.0000000 0.2949231
[10,] 0.8378557 0.2278999 0.0268128 0.0000000 0.0000000
[11,] 1.2869523 0.2010871 0.0000000 0.0268128 0.0536256
[12,] 1.4143043 0.4021743 0.0536256 0.0268128 0.1474615
[13,] 0.9652076 0.0268128 0.0268128 0.0268128 0.1072512
[14,] 1.5416562 0.2547127 0.0268128 0.0536256 0.3485487
[15,] 1.2869523 0.0536256 0.0000000 0.0536256 0.2547127
[16,] 1.2869523 0.2278999 0.0000000 0.0268128 0.0536256
[17,] 1.9907529 0.4289871 0.0536256 0.0536256 0.2010871
[18,] 1.5416562 0.0268128 0.0268128 0.0268128 0.2010871
[19,] 1.5416562 0.2278999 0.0268128 0.0000000 0.1608768
[20,] 0.8378557 0.2278999 0.0268128 0.0000000 0.2010871
[21,] 1.5416562 0.0000000 0.0268128 0.0268128 0.2547127
[22,] 2.1181048 0.0536256 0.0268128 0.0000000 0.1474615
[23,] 0.8378557 0.2547127 0.0536256 0.0268128 0.2010871
[24,] 1.2869523 0.2010871 0.0000000 0.0268128 0.2010871
[25,] 1.5416562 0.0268128 0.0268128 0.0536256 0.1474615
[26,] 1.4143043 0.0000000 0.0000000 0.0536256 0.2010871
[27,] 0.5831518 0.0536256 0.0268128 0.0268128 0.0536256
[28,] 0.9652076 0.2278999 0.0536256 0.0268128 0.2949231
[29,] 1.9907529 0.4021743 0.0268128 0.0268128 0.1474615
[30,] 1.2869523 0.0268128 0.0268128 0.0268128 0.0536256
[31,] 1.2869523 0.6032614 0.0268128 0.0268128 0.1474615
[32,] 2.1181048 0.2010871 0.0268128 0.0268128 0.1072512
[33,] 0.7105037 0.2010871 0.0000000 0.0536256 0.2010871
[34,] 2.6945534 0.2278999 0.0268128 0.0268128 0.2547127
[35,] 2.1181048 0.0268128 0.0268128 0.0536256 0.0536256
[36,] 0.8378557 0.0536256 0.0536256 0.0000000 0.2010871
[37,] 1.4143043 0.2547127 0.0268128 0.0268128 0.1474615
[38,] 2.1181048 0.0268128 0.0268128 0.0000000 0.2949231
[39,] 0.8378557 0.2010871 0.0268128 0.0536256 0.1072512
[40,] 1.2869523 0.6032614 0.0268128 0.0536256 0.1474615
[41,] 1.2869523 0.2547127 0.0536256 0.0268128 0.0536256
[42,] 2.6945534 0.2278999 0.0268128 0.0536256 0.0536256
[43,] 2.6945534 0.2547127 0.0268128 0.0000000 0.2949231
[44,] 0.5831518 0.2010871 0.0268128 0.0000000 0.2010871
[45,] 1.4143043 0.2010871 0.0000000 0.0268128 0.1072512
[46,] 2.1181048 0.2547127 0.0536256 0.0000000 0.1474615
[47,] 2.1181048 0.2278999 0.0268128 0.0000000 0.2010871
[48,] 0.9652076 0.4021743 0.0268128 0.0000000 0.3485487
[49,] 1.4143043 0.2278999 0.0000000 0.0268128 0.1072512
[50,] 1.9907529 0.4021743 0.0536256 0.0536256 0.3485487

$Ndateboots
           [,1]      [,2]  [,3]  [,4]      [,5]
 [1,]  226.7900 167.99333  0.00 10.08  55.43667
 [2,]  337.6633  10.08000 10.08 10.08 166.31000
 [3,]  337.6633  94.07667  0.00 10.08   0.00000
 [4,]  549.3333  94.07667  0.00  0.00  75.59667
 [5,]  226.7900  20.16000  0.00  0.00  60.48000
 [6,]  816.4400  83.99667  0.00 10.08  95.75667
 [7,]  549.3333  83.99667 10.08 20.16  75.59667
 [8,]  604.7700 104.15667 10.08  0.00  20.16000
 [9,]  282.2267  20.16000 10.08  0.00 110.87333
[10,]  337.6633  94.07667 10.08  0.00   0.00000
[11,]  493.8967  83.99667  0.00 10.08  20.16000
[12,]  549.3333 167.99333 20.16 10.08  55.43667
[13,]  393.1000  10.08000 10.08 10.08  40.32000
[14,]  604.7700 104.15667 10.08 20.16 131.03333
[15,]  493.8967  20.16000  0.00 20.16  95.75667
[16,]  493.8967  94.07667  0.00 10.08  20.16000
[17,]  761.0033 178.07333 20.16 20.16  75.59667
[18,]  604.7700  10.08000 10.08 10.08  75.59667
[19,]  604.7700  94.07667 10.08  0.00  60.48000
[20,]  337.6633  94.07667 10.08  0.00  75.59667
[21,]  604.7700   0.00000 10.08 10.08  95.75667
[22,]  816.4400  20.16000 10.08  0.00  55.43667
[23,]  337.6633 104.15667 20.16 10.08  75.59667
[24,]  493.8967  83.99667  0.00 10.08  75.59667
[25,]  604.7700  10.08000 10.08 20.16  55.43667
[26,]  549.3333   0.00000  0.00 20.16  75.59667
[27,]  226.7900  20.16000 10.08 10.08  20.16000
[28,]  393.1000  94.07667 20.16 10.08 110.87333
[29,]  761.0033 167.99333 10.08 10.08  55.43667
[30,]  493.8967  10.08000 10.08 10.08  20.16000
[31,]  493.8967 251.99000 10.08 10.08  55.43667
[32,]  816.4400  83.99667 10.08 10.08  40.32000
[33,]  282.2267  83.99667  0.00 20.16  75.59667
[34,] 1028.1100  94.07667 10.08 10.08  95.75667
[35,]  816.4400  10.08000 10.08 20.16  20.16000
[36,]  337.6633  20.16000 20.16  0.00  75.59667
[37,]  549.3333 104.15667 10.08 10.08  55.43667
[38,]  816.4400  10.08000 10.08  0.00 110.87333
[39,]  337.6633  83.99667 10.08 20.16  40.32000
[40,]  493.8967 251.99000 10.08 20.16  55.43667
[41,]  493.8967 104.15667 20.16 10.08  20.16000
[42,] 1028.1100  94.07667 10.08 20.16  20.16000
[43,] 1028.1100 104.15667 10.08  0.00 110.87333
[44,]  226.7900  83.99667 10.08  0.00  75.59667
[45,]  549.3333  83.99667  0.00 10.08  40.32000
[46,]  816.4400 104.15667 20.16  0.00  55.43667
[47,]  816.4400  94.07667 10.08  0.00  75.59667
[48,]  393.1000 167.99333 10.08  0.00 131.03333
[49,]  549.3333  94.07667  0.00 10.08  40.32000
[50,]  761.0033 167.99333 20.16 20.16 131.03333

