$totdays
[1] 365

$Psampest
[1] 3.270825

$Pbootest
    Mean     2.5%      50%    97.5% 
3.009159 0.000000 3.270825 6.541651 

$Pboots
 [1] 3.270825 6.541651 4.906238 3.270825 0.000000 1.635413 3.270825 4.906238 1.635413 1.635413
[11] 1.635413 3.270825 3.270825 4.906238 3.270825 6.541651 3.270825 3.270825 3.270825 3.270825
[21] 1.635413 1.635413 3.270825 4.906238 1.635413 4.906238 4.906238 1.635413 1.635413 3.270825
[31] 3.270825 1.635413 3.270825 1.635413 4.906238 3.270825 0.000000 1.635413 1.635413 3.270825
[41] 0.000000 1.635413 3.270825 6.541651 4.906238 0.000000 4.906238 3.270825 4.906238 0.000000

$Bboots
 [1] 0.3762716 0.7525432 0.5644074 0.3762716 0.0000000 0.1881358 0.3762716 0.5644074 0.1881358
[10] 0.1881358 0.1881358 0.3762716 0.3762716 0.5644074 0.3762716 0.7525432 0.3762716 0.3762716
[19] 0.3762716 0.3762716 0.1881358 0.1881358 0.3762716 0.5644074 0.1881358 0.5644074 0.5644074
[28] 0.1881358 0.1881358 0.3762716 0.3762716 0.1881358 0.3762716 0.1881358 0.5644074 0.3762716
[37] 0.0000000 0.1881358 0.1881358 0.3762716 0.0000000 0.1881358 0.3762716 0.7525432 0.5644074
[46] 0.0000000 0.5644074 0.3762716 0.5644074 0.0000000

$Nboots
 [1] 0.96150 1.92300 1.44225 0.96150 0.00000 0.48075 0.96150 1.44225 0.48075 0.48075 0.48075
[12] 0.96150 0.96150 1.44225 0.96150 1.92300 0.96150 0.96150 0.96150 0.96150 0.48075 0.48075
[23] 0.96150 1.44225 0.48075 1.44225 1.44225 0.48075 0.48075 0.96150 0.96150 0.48075 0.96150
[34] 0.48075 1.44225 0.96150 0.00000 0.48075 0.48075 0.96150 0.00000 0.48075 0.96150 1.92300
[45] 1.44225 0.00000 1.44225 0.96150 1.44225 0.00000

$julians
[1] 623 735 839 897 988

$intdays
[1] 112 104  58  91

$Pintsampest
[1] 3.270825 0.000000 0.000000 0.000000

$Pintboots
          [,1] [,2] [,3] [,4]
 [1,] 3.270825    0    0    0
 [2,] 6.541651    0    0    0
 [3,] 4.906238    0    0    0
 [4,] 3.270825    0    0    0
 [5,] 0.000000    0    0    0
 [6,] 1.635413    0    0    0
 [7,] 3.270825    0    0    0
 [8,] 4.906238    0    0    0
 [9,] 1.635413    0    0    0
[10,] 1.635413    0    0    0
[11,] 1.635413    0    0    0
[12,] 3.270825    0    0    0
[13,] 3.270825    0    0    0
[14,] 4.906238    0    0    0
[15,] 3.270825    0    0    0
[16,] 6.541651    0    0    0
[17,] 3.270825    0    0    0
[18,] 3.270825    0    0    0
[19,] 3.270825    0    0    0
[20,] 3.270825    0    0    0
[21,] 1.635413    0    0    0
[22,] 1.635413    0    0    0
[23,] 3.270825    0    0    0
[24,] 4.906238    0    0    0
[25,] 1.635413    0    0    0
[26,] 4.906238    0    0    0
[27,] 4.906238    0    0    0
[28,] 1.635413    0    0    0
[29,] 1.635413    0    0    0
[30,] 3.270825    0    0    0
[31,] 3.270825    0    0    0
[32,] 1.635413    0    0    0
[33,] 3.270825    0    0    0
[34,] 1.635413    0    0    0
[35,] 4.906238    0    0    0
[36,] 3.270825    0    0    0
[37,] 0.000000    0    0    0
[38,] 1.635413    0    0    0
[39,] 1.635413    0    0    0
[40,] 3.270825    0    0    0
[41,] 0.000000    0    0    0
[42,] 1.635413    0    0    0
[43,] 3.270825    0    0    0
[44,] 6.541651    0    0    0
[45,] 4.906238    0    0    0
[46,] 0.000000    0    0    0
[47,] 4.906238    0    0    0
[48,] 3.270825    0    0    0
[49,] 4.906238    0    0    0
[50,] 0.000000    0    0    0

$Bdatesampinfo
       DATE JULIAN N     Mean    Stdev
1 9/15/2007    623 5 3.010173 4.121849
2  1/5/2008    735 8 0.000000 0.000000
3 4/18/2008    839 7 0.000000 0.000000
4 6/15/2008    897 7 0.000000 0.000000
5 9/14/2008    988 7 0.000000 0.000000

$Ndatesampinfo
       DATE JULIAN N  Mean   Stdev
1 9/15/2007    623 5 7.692 10.5327
2  1/5/2008    735 8 0.000  0.0000
3 4/18/2008    839 7 0.000  0.0000
4 6/15/2008    897 7 0.000  0.0000
5 9/14/2008    988 7 0.000  0.0000

$Bdateboots
          [,1] [,2] [,3] [,4] [,5]
 [1,] 3.010173    0    0    0    0
 [2,] 6.020346    0    0    0    0
 [3,] 4.515259    0    0    0    0
 [4,] 3.010173    0    0    0    0
 [5,] 0.000000    0    0    0    0
 [6,] 1.505086    0    0    0    0
 [7,] 3.010173    0    0    0    0
 [8,] 4.515259    0    0    0    0
 [9,] 1.505086    0    0    0    0
[10,] 1.505086    0    0    0    0
[11,] 1.505086    0    0    0    0
[12,] 3.010173    0    0    0    0
[13,] 3.010173    0    0    0    0
[14,] 4.515259    0    0    0    0
[15,] 3.010173    0    0    0    0
[16,] 6.020346    0    0    0    0
[17,] 3.010173    0    0    0    0
[18,] 3.010173    0    0    0    0
[19,] 3.010173    0    0    0    0
[20,] 3.010173    0    0    0    0
[21,] 1.505086    0    0    0    0
[22,] 1.505086    0    0    0    0
[23,] 3.010173    0    0    0    0
[24,] 4.515259    0    0    0    0
[25,] 1.505086    0    0    0    0
[26,] 4.515259    0    0    0    0
[27,] 4.515259    0    0    0    0
[28,] 1.505086    0    0    0    0
[29,] 1.505086    0    0    0    0
[30,] 3.010173    0    0    0    0
[31,] 3.010173    0    0    0    0
[32,] 1.505086    0    0    0    0
[33,] 3.010173    0    0    0    0
[34,] 1.505086    0    0    0    0
[35,] 4.515259    0    0    0    0
[36,] 3.010173    0    0    0    0
[37,] 0.000000    0    0    0    0
[38,] 1.505086    0    0    0    0
[39,] 1.505086    0    0    0    0
[40,] 3.010173    0    0    0    0
[41,] 0.000000    0    0    0    0
[42,] 1.505086    0    0    0    0
[43,] 3.010173    0    0    0    0
[44,] 6.020346    0    0    0    0
[45,] 4.515259    0    0    0    0
[46,] 0.000000    0    0    0    0
[47,] 4.515259    0    0    0    0
[48,] 3.010173    0    0    0    0
[49,] 4.515259    0    0    0    0
[50,] 0.000000    0    0    0    0

$Ndateboots
        [,1] [,2] [,3] [,4] [,5]
 [1,]  7.692    0    0    0    0
 [2,] 15.384    0    0    0    0
 [3,] 11.538    0    0    0    0
 [4,]  7.692    0    0    0    0
 [5,]  0.000    0    0    0    0
 [6,]  3.846    0    0    0    0
 [7,]  7.692    0    0    0    0
 [8,] 11.538    0    0    0    0
 [9,]  3.846    0    0    0    0
[10,]  3.846    0    0    0    0
[11,]  3.846    0    0    0    0
[12,]  7.692    0    0    0    0
[13,]  7.692    0    0    0    0
[14,] 11.538    0    0    0    0
[15,]  7.692    0    0    0    0
[16,] 15.384    0    0    0    0
[17,]  7.692    0    0    0    0
[18,]  7.692    0    0    0    0
[19,]  7.692    0    0    0    0
[20,]  7.692    0    0    0    0
[21,]  3.846    0    0    0    0
[22,]  3.846    0    0    0    0
[23,]  7.692    0    0    0    0
[24,] 11.538    0    0    0    0
[25,]  3.846    0    0    0    0
[26,] 11.538    0    0    0    0
[27,] 11.538    0    0    0    0
[28,]  3.846    0    0    0    0
[29,]  3.846    0    0    0    0
[30,]  7.692    0    0    0    0
[31,]  7.692    0    0    0    0
[32,]  3.846    0    0    0    0
[33,]  7.692    0    0    0    0
[34,]  3.846    0    0    0    0
[35,] 11.538    0    0    0    0
[36,]  7.692    0    0    0    0
[37,]  0.000    0    0    0    0
[38,]  3.846    0    0    0    0
[39,]  3.846    0    0    0    0
[40,]  7.692    0    0    0    0
[41,]  0.000    0    0    0    0
[42,]  3.846    0    0    0    0
[43,]  7.692    0    0    0    0
[44,] 15.384    0    0    0    0
[45,] 11.538    0    0    0    0
[46,]  0.000    0    0    0    0
[47,] 11.538    0    0    0    0
[48,]  7.692    0    0    0    0
[49,] 11.538    0    0    0    0
[50,]  0.000    0    0    0    0

