$totdays
[1] 365

$cpi
 [1] 351.0548 364.1393 352.4147 358.6838 338.3847 360.3577 335.2119 344.8909 364.0356 335.2692
[11] 360.6464 354.0517 356.5048 351.0351 348.2079 353.3814 360.4701 336.3054 355.8176 341.6511
[21] 350.5316 359.4340 339.9300 343.7762 347.1819 364.4344 359.0692 361.9810 344.4115 345.6945
[31] 345.8775 353.1502 364.6098 341.5860 359.0568 351.4123 339.5145 358.7863 347.7334 353.9117
[41] 361.2918 349.6160 363.0944 336.1517 342.7529 358.3822 363.3639 341.8512 351.4665 347.8195

$Psampest
[1] 64.09337

$Pbootest
     Mean      2.5%       50%     97.5% 
 61.00047  26.06220  53.39309 112.97885 

$Pboots
 [1]  39.85586  52.81074 104.20926  28.97006  76.38040 103.75532  60.95222  76.40034 110.64497
[10]  59.18583  42.15031  95.89171  99.82690 113.65643  64.92393  52.01168  42.05259  27.41053
[19]  25.86136  53.97543  69.17718  67.48232  46.46211  66.13584  38.14410  50.77202  64.08713
[28]  91.42903  32.70187  85.90400  31.97606  37.30966 162.34321  87.66230  48.14844  32.77369
[37]  62.89068  34.00682  39.96954  44.14168  99.10837  35.62762  94.92829  25.53748  52.64916
[46]  26.75400  61.20960  60.00007  33.72689  36.03820

$Bboots
 [1] 11.904711 12.250780 25.020142 11.779669 20.810540 21.142979 18.570489 19.023964 21.429233
[10] 13.138479 13.978049 19.736609 22.339082 22.017046 16.202855 12.947762 16.151170  9.187211
[19]  8.331319 10.300002 18.718937 14.186582 10.778198 18.879013  9.628190 13.722944 14.445185
[28] 15.801783 10.537262 15.258002 10.435507 12.465979 29.210134 17.265965 11.606380 13.658734
[37] 11.346581  7.149176  9.595966 16.187072 19.500964  9.972496 22.202950  8.011465 11.958219
[46]  9.999041 16.219984 14.462583  8.187893  9.930467

$Nboots
 [1] 21.07143 27.92268 52.50714 19.74589 38.52625 46.89357 31.73268 40.54554 50.67929 28.98339
[11] 19.73411 41.64911 46.83125 51.14286 33.19089 24.53768 23.58071 20.75643 19.05214 24.40786
[21] 39.24518 34.60946 17.42839 35.16071 20.23464 26.45089 33.69214 37.84750 24.15161 40.65161
[31] 18.14589 17.09286 71.47089 41.66054 20.99036 20.53054 27.55446 13.12679 16.98714 30.66125
[41] 45.92036 17.59357 44.27768 16.64571 22.02821 17.27679 32.86929 31.59821 14.85786 17.84714

$julians
[1] 623 735 839 897 988

$intdays
[1] 112 104  58  91

$Bdatesampinfo
       DATE JULIAN N      Mean     Stdev
1 9/15/2007    623 7 50.862577 104.25703
2  1/5/2008    735 7 21.412851  21.77994
3 4/18/2008    839 7  5.858522  11.12681
4 6/15/2008    897 7 11.769177  24.13087
5 9/14/2008    988 7  0.000000   0.00000

$Ndatesampinfo
       DATE JULIAN N      Mean     Stdev
1 9/15/2007    623 7 132.46429 289.54199
2  1/5/2008    735 7  45.41000  55.31561
3 4/18/2008    839 7  11.66571  22.15613
4 6/15/2008    897 7  10.12857  17.30043
5 9/14/2008    988 7   0.00000   0.00000

$Bdateboots
            [,1]      [,2]      [,3]      [,4] [,5]
 [1,]  15.829344 27.066189  3.449397  9.188586    0
 [2,]  50.862577 14.276829  4.133823  5.161181    0
 [3,]  87.158484 31.290408 13.441742 11.769177    0
 [4,]  13.268841 24.409790  1.724698 14.349767    0
 [5,]  55.320678 22.841969  5.174095 27.565758    0
 [6,]  90.283603 24.383006  5.858522  9.188586    0
 [7,]  55.320678 25.663855  0.000000 20.957763    0
 [8,]  55.320678 31.492245  5.174095 11.769177    0
 [9,]  91.616585 19.871815  8.267647 11.769177    0
[10,]  56.583352 19.956950  1.724698  2.580591    0
[11,]  12.337619 22.927104  5.858522 20.957763    0
[12,]  85.860656 22.693701  4.133823  9.188586    0
[13,]  91.581431 28.347038  3.449397 11.769177    0
[14,]  83.631605 31.205273  5.858522  9.188586    0
[15,]  54.389456 24.122818  1.724698 11.769177    0
[16,]  50.862577 14.590584  0.000000 11.769177    0
[17,]  12.372773 21.386067  1.724698 35.307530    0
[18,]   5.720775 22.868753  5.858522  5.161181    0
[19,]  12.302465 22.868753  1.724698  2.580591    0
[20,]  52.160405  5.653337  1.724698  7.741772    0
[21,]  56.583352 21.386067  8.267647 16.930358    0
[22,]  45.141801 34.175427  0.000000  0.000000    0
[23,]  14.531516 11.333458  7.583220 16.930358    0
[24,]  48.633526 24.383006  5.858522 20.957763    0
[25,]   8.916202 29.749371  1.724698  2.580591    0
[26,]  45.141801 17.273767  5.858522  9.188586    0
[27,]  58.812403 13.049547  7.583220  7.741772    0
[28,]  87.158484 11.360242  8.267647  0.000000    0
[29,]   2.229051 34.148643  1.724698  5.161181    0
[30,]  48.668680 34.117077  0.000000  2.580591    0
[31,]  13.670601 21.412851  1.724698 11.769177    0
[32,]  10.178877  8.650275 15.166440 20.957763    0
[33,] 135.827164 35.604545  4.133823  9.188586    0
[34,]  48.668680 31.407110  4.133823  9.188586    0
[35,]  15.829344 28.347038  7.583220  2.580591    0
[36,]  15.864498 21.439635  1.724698 23.538353    0
[37,]  56.583352 12.789360  1.724698  2.580591    0
[38,]  14.636978 14.563800  4.133823  2.580591    0
[39,]  15.829344 17.040363  8.267647  5.161181    0
[40,]  12.407927 34.202211  9.992345 14.349767    0
[41,]  98.600035 16.986795 11.717043  0.000000    0
[42,]  19.356223 18.442697  0.000000 11.769177    0
[43,]  83.666759 14.303613 11.717043 20.957763    0
[44,]   4.387793 21.412851  5.858522  2.580591    0
[45,]  12.372773 25.637071  8.267647  7.741772    0
[46,]  10.178877 21.412851  1.724698 11.769177    0
[47,]  55.355832 11.306674 14.126169 11.769177    0
[48,]  19.356223 31.465461 14.126169  2.580591    0
[49,]   8.916202 17.273767  5.858522  5.161181    0
[50,]  15.829344 15.732730  1.724698 14.349767    0

$Ndateboots
            [,1]     [,2]      [,3]      [,4] [,5]
 [1,]  31.520000 56.66714  6.868571  4.990000    0
 [2,] 132.464286 26.95000  8.231429 10.277143    0
 [3,] 235.922857 55.17286 26.765714 10.128571    0
 [4,]  26.421429 47.07143  3.434286 15.267143    0
 [5,] 141.341429 58.16143 10.302857 14.970000    0
 [6,] 242.145714 49.84571 11.665714  4.990000    0
 [7,] 141.341429 41.14143  0.000000 15.118571    0
 [8,] 141.341429 71.08000 10.302857 10.128571    0
 [9,] 244.800000 53.72571 16.462857 10.128571    0
[10,] 143.855714 35.43286  3.434286  5.138571    0
[11,]  24.567143 39.86857 11.665714 15.118571    0
[12,] 233.338571 36.70571  8.231429  4.990000    0
[13,] 244.730000 47.96286  6.868571 10.128571    0
[14,] 228.900000 73.46571 11.665714  4.990000    0
[15,] 139.487143 49.45714  3.434286 10.128571    0
[16,] 132.464286 21.79000  0.000000 10.128571    0
[17,]  24.637143 48.18429  3.434286 30.385714    0
[18,]  11.391429 55.38714 11.665714 10.277143    0
[19,]  24.497143 55.38714  3.434286  5.138571    0
[20,] 135.048571 11.25714  3.434286 15.415714    0
[21,] 143.855714 48.18429 16.462857 20.405714    0
[22,] 121.072857 77.90143  0.000000  0.000000    0
[23,]  28.935714 19.74000 15.100000 20.405714    0
[24,] 128.025714 49.84571 11.665714 15.118571    0
[25,]  17.754286 63.48857  3.434286  5.138571    0
[26,] 121.072857 28.61143 11.665714  4.990000    0
[27,] 148.294286 30.10571 15.100000 15.415714    0
[28,] 235.922857 16.96571 16.462857  0.000000    0
[29,]   4.438571 80.67571  3.434286 10.277143    0
[30,] 128.095714 93.42000  0.000000  5.138571    0
[31,]  27.221429 45.41000  3.434286 10.128571    0
[32,]  20.268571 12.91857 30.200000 15.118571    0
[33,] 364.018571 90.65286  8.231429  4.990000    0
[34,] 128.095714 89.37286  8.231429  4.990000    0
[35,]  31.520000 47.96286 15.100000  5.138571    0
[36,]  31.590000 42.63571  3.434286 20.257143    0
[37,] 143.855714 29.71714  3.434286  5.138571    0
[38,]  29.145714 24.56429  8.231429  5.138571    0
[39,]  31.520000 25.44857 16.462857 10.277143    0
[40,]  24.707143 75.12714 19.897143 15.267143    0
[41,] 258.705714 30.99714 23.331429  0.000000    0
[42,]  38.542857 40.97429  0.000000 10.128571    0
[43,] 228.970000 24.17571 23.331429 15.118571    0
[44,]   8.737143 45.41000 11.665714  5.138571    0
[45,]  24.637143 43.91571 16.462857 15.415714    0
[46,]  20.268571 45.41000  3.434286 10.128571    0
[47,] 141.411429 22.51429 28.128571 10.128571    0
[48,]  38.542857 73.85429 28.128571  5.138571    0
[49,]  17.754286 28.61143 11.665714 10.277143    0
[50,]  31.520000 36.92714  3.434286 15.267143    0

