$totdays
[1] 365

$Psampest
[1] 30.34548

$Pbootest
     Mean      2.5%       50%     97.5% 
30.183941  8.434576 29.958992 44.856089 

$Pboots
 [1] 16.883949 26.385153 39.642589 33.200563 28.245219 28.736940 28.980170 38.490129 44.911348
[10] 29.628708 18.060478 32.740986 17.068198 34.947459 16.237392  6.617160 27.249209 43.819882
[19] 31.139751 29.410318 16.892401 36.855116 17.122591 41.665924 26.133848 23.376810 33.675763
[28] 47.088072 42.008891 36.164795 28.289771 14.694562 27.942273 19.541391 37.844074 29.412360
[37] 28.895274 39.341548 18.283857 39.428790 39.088241 44.665752 35.591287 30.424652 27.807859
[46] 30.910887  6.220148 44.426609 30.289276 42.718647

$Bboots
 [1]  5.4540648  9.9828189 22.0354610 24.9984977 17.2453672 17.3014207 17.3154349 21.9047896
 [9] 29.8312337 17.4274207  5.6088110 24.9944260  5.5060466 25.2937364  5.3281861  0.7528425
[17] 10.0056945 29.7757767 17.6380992 17.4134035  5.4168181 14.6422414 12.5392339 22.3774074
[25]  9.9408978 13.4139234 18.0593317 37.2203785 22.3960930 25.4763866 10.2069119  5.1081680
[33] 10.1602011 12.7960235 14.8108804 17.3574774 17.3201063 21.9701860  5.6181538 22.0074358
[41] 22.0499535 29.8830942 25.4296758 17.5727028 17.1800921 17.6806169  0.6682854 29.7659556
[49] 17.4834743 22.5034074

$Nboots
 [1] 183.9517 272.7775 377.9825 289.1567 274.0375 289.1567 292.9367 370.4225 396.8817 295.4567
[11] 217.9692 280.3367 190.2508 297.9758 205.3700 131.6633 314.3550 374.2017 316.8750 291.6758
[21] 201.5908 369.1625 165.0533 399.4000 289.1558 239.3875 331.9925 396.8808 404.4400 311.8342
[31] 305.5358 181.4325 292.9367 206.6308 379.2417 304.2767 294.1967 388.0617 220.4892 370.4233
[41] 346.4842 375.4625 299.2350 299.2358 284.1167 292.9358 144.2633 406.9600 310.5758 405.7000

$julians
[1] 623 735 839 897 988

$intdays
[1] 112 104  58  91

$Pintsampest
[1] 25.2040654  3.4448284  1.2830717  0.4135195

$Pintboots
           [,1]     [,2]      [,3]       [,4]
 [1,] 11.687833 3.664032 1.4885530 0.04352988
 [2,] 21.867940 3.121480 1.1998479 0.19588445
 [3,] 35.384172 2.900840 0.9658215 0.39175451
 [4,] 28.191969 3.443393 1.2822710 0.28292982
 [5,] 25.204065 2.358288 0.5522761 0.13058964
 [6,] 25.311216 2.457785 0.6632442 0.30469475
 [7,] 25.552287 2.681636 0.5938926 0.15235457
 [8,] 35.035951 2.034940 0.7880845 0.63115445
 [9,] 38.720297 4.310729 1.4885530 0.39176891
[10,] 25.204065 2.900840 0.9796937 0.54410909
[11,] 12.036055 3.988817 1.6003219 0.43528439
[12,] 27.843748 3.121480 1.2969439 0.47881427
[13,] 11.687833 3.665468 1.4754816 0.23941433
[14,] 28.299120 4.630866 1.7780589 0.23941433
[15,] 12.036055 2.902276 0.9943666 0.30469475
[16,]  2.097019 3.126128 0.9804944 0.41351945
[17,] 22.564383 3.224189 1.0906618 0.36997518
[18,] 38.023855 3.665468 1.5864497 0.54410909
[19,] 25.552287 3.768177 1.2969439 0.52234415
[20,] 25.096915 2.801343 1.0767896 0.43527000
[21,] 12.036055 3.444828 1.1721036 0.23941433
[22,] 32.155198 3.220977 1.2830717 0.19587006
[23,] 14.434666 1.811088 0.5938926 0.28294421
[24,] 35.384172 3.988817 1.6835457 0.60938951
[25,] 21.867940 2.578928 1.0775904 0.60938951
[26,] 15.372180 5.398705 2.1924050 0.41351945
[27,] 25.552287 5.398705 2.2895009 0.43527000
[28,] 41.467130 3.544325 1.3801676 0.69644927
[29,] 35.732394 4.312165 1.5725776 0.39175451
[30,] 28.540190 5.398705 2.0953091 0.13058964
[31,] 22.216162 3.987381 1.5856490 0.50057921
[32,] 11.687833 2.034940 0.5800205 0.39176891
[33,] 22.323312 4.086878 1.4885530 0.04352988
[34,] 15.265029 3.124692 0.8687256 0.28294421
[35,] 32.048047 3.665468 1.5864497 0.54410909
[36,] 25.659437 2.781133 0.5800205 0.39176891
[37,] 25.311216 2.457785 0.6909886 0.43528439
[38,] 35.625243 2.582139 0.6771164 0.45704933
[39,] 12.277126 4.212668 1.4893538 0.30470915
[40,] 35.384172 2.900840 0.8825977 0.26117927
[41,] 34.794880 2.897629 1.1998479 0.19588445
[42,] 38.131005 4.307517 1.7919311 0.43529879
[43,] 28.084819 4.975860 2.0953091 0.43529879
[44,] 25.204065 3.444828 1.2969439 0.47881427
[45,] 25.204065 1.815736 0.3745391 0.41351945
[46,] 25.096915 3.889320 1.4893538 0.43529879
[47,]  1.963098 2.457785 0.8851804 0.91408426
[48,] 38.720297 3.768177 1.3940398 0.54409469
[49,] 25.659437 3.323685 0.9796937 0.32645969
[50,] 35.625243 4.755220 1.9028992 0.43528439

$Bdatesampinfo
       DATE JULIAN N        Mean       Stdev
1 9/15/2007    623 3 134.1895981 146.6508393
2  1/5/2008    735 3   1.0276440   0.3732233
3 4/18/2008    839 3   1.8694118   1.6038172
4 6/15/2008    897 3   0.1681577   0.2443241
5 9/14/2008    988 3   0.1868556   0.1712560

$Ndatesampinfo
       DATE JULIAN N       Mean      Stdev
1 9/15/2007    623 3 1396.01333 1196.27098
2  1/5/2008    735 3  277.18333  100.66841
3 4/18/2008    839 3  141.11667   53.09447
4 6/15/2008    897 3   45.35667   65.90082
5 9/14/2008    988 3   50.40000   46.19236

$Bdateboots
           [,1]      [,2]      [,3]       [,4]       [,5]
 [1,]  37.31621 0.7847441 2.3360407 0.03737112 0.00000000
 [2,]  74.33001 0.7847441 1.8694118 0.05605668 0.11211335
 [3,] 171.20340 1.0276440 1.2695978 0.14947211 0.18685559
 [4,] 194.04918 1.0276440 1.7362267 0.16815767 0.07474224
 [5,] 134.18960 1.0276440 0.8029689 0.00000000 0.11211335
 [6,] 134.18960 1.1023862 0.8029689 0.14947211 0.11211335
 [7,] 134.18960 1.2705439 0.8029689 0.05605668 0.07474224
 [8,] 171.20340 0.7847441 0.8029689 0.31762979 0.22422671
 [9,] 231.06299 1.2705439 2.3360407 0.03737112 0.29896895
[10,] 134.18960 1.0276440 1.2695978 0.16815767 0.29896895
[11,]  37.31621 1.0276440 2.4692258 0.18684323 0.18685559
[12,] 194.04918 0.7847441 1.8694118 0.18684323 0.22422671
[13,]  37.31621 0.7847441 2.4692258 0.01868556 0.18685559
[14,] 194.04918 1.1023862 2.9358547 0.01868556 0.18685559
[15,]  37.31621 1.0276440 1.4027829 0.18684323 0.07474224
[16,]   0.30240 1.1958016 1.4027829 0.16815767 0.18685559
[17,]  74.33001 1.2705439 1.2695978 0.31762979 0.00000000
[18,] 231.06299 0.7847441 2.4692258 0.16815767 0.29896895
[19,] 134.18960 1.2705439 1.8694118 0.18684323 0.26159783
[20,] 134.18960 0.9529017 1.2695978 0.29894423 0.07474224
[21,]  37.31621 1.0276440 1.8694118 0.01868556 0.18685559
[22,] 111.34382 0.8594863 1.8694118 0.16815767 0.00000000
[23,]  97.17579 0.6165864 0.8029689 0.05605668 0.18685559
[24,] 171.20340 1.0276440 2.4692258 0.29894423 0.22422671
[25,]  74.33001 0.7847441 1.4027829 0.29894423 0.22422671
[26,]  97.17579 1.2705439 3.5356686 0.16815767 0.18685559
[27,] 134.18960 1.2705439 3.5356686 0.29894423 0.07474224
[28,] 290.92257 1.1023862 1.8694118 0.29894423 0.29896895
[29,] 171.20340 1.2705439 2.4692258 0.14947211 0.18685559
[30,] 194.04918 1.2705439 3.5356686 0.03737112 0.07474224
[31,]  74.33001 1.0276440 2.3360407 0.16815767 0.26159783
[32,]  37.31621 0.7847441 0.8029689 0.03737112 0.29896895
[33,]  74.33001 1.1023862 2.3360407 0.03737112 0.00000000
[34,]  97.17579 1.1958016 1.2695978 0.01868556 0.22422671
[35,] 111.34382 0.7847441 2.4692258 0.16815767 0.29896895
[36,] 134.18960 1.3452861 0.8029689 0.03737112 0.29896895
[37,] 134.18960 1.1023862 0.8029689 0.18684323 0.18685559
[38,] 171.20340 1.1958016 0.8029689 0.16815767 0.22422671
[39,]  37.31621 1.1958016 2.4692258 0.03737112 0.22422671
[40,] 171.20340 1.0276440 1.2695978 0.03737112 0.18685559
[41,] 171.20340 0.6165864 1.8694118 0.05605668 0.11211335
[42,] 231.06299 0.8594863 2.9358547 0.03737112 0.33634006
[43,] 194.04918 0.9529017 3.5356686 0.03737112 0.33634006
[44,] 134.18960 1.0276440 1.8694118 0.18684323 0.22422671
[45,] 134.18960 1.0276440 0.3363401 0.16815767 0.18685559
[46,] 134.18960 0.9529017 2.4692258 0.03737112 0.33634006
[47,]   0.30240 1.1023862 0.8029689 0.44841634 0.33634006
[48,] 231.06299 1.2705439 1.8694118 0.31762979 0.14948447
[49,] 134.18960 1.3452861 1.2695978 0.16815767 0.11211335
[50,] 171.20340 1.1958016 2.9358547 0.18684323 0.18685559

$Ndateboots
           [,1]     [,2]     [,3]      [,4]  [,5]
 [1,]  715.6467 211.6667 156.2367  10.08000  0.00
 [2,] 1416.1733 211.6667 141.1167  15.12000 30.24
 [3,] 2096.5400 277.1833 120.9600  40.31667 50.40
 [4,] 1375.8533 277.1833 136.0800  45.35667 20.16
 [5,] 1396.0133 277.1833 105.8400   0.00000 30.24
 [6,] 1396.0133 297.3433 105.8400  40.31667 30.24
 [7,] 1396.0133 342.7000 105.8400  15.12000 20.16
 [8,] 2096.5400 211.6667 105.8400  85.67333 60.48
 [9,] 2076.3800 342.7000 156.2367  10.08000 80.64
[10,] 1396.0133 277.1833 120.9600  45.35667 80.64
[11,]  715.6467 277.1833 161.2733  50.39667 50.40
[12,] 1375.8533 211.6667 141.1167  50.39667 60.48
[13,]  715.6467 211.6667 161.2733   5.04000 50.40
[14,] 1375.8533 297.3433 176.3933   5.04000 50.40
[15,]  715.6467 277.1833 125.9967  50.39667 20.16
[16,]   15.1200 322.5400 125.9967  45.35667 50.40
[17,] 1416.1733 342.7000 120.9600  85.67333  0.00
[18,] 2076.3800 211.6667 161.2733  45.35667 80.64
[19,] 1396.0133 342.7000 141.1167  50.39667 70.56
[20,] 1396.0133 257.0233 120.9600  80.63333 20.16
[21,]  715.6467 277.1833 141.1167   5.04000 50.40
[22,] 2116.7000 231.8267 141.1167  45.35667  0.00
[23,]  695.4867 166.3100 105.8400  15.12000 50.40
[24,] 2096.5400 277.1833 161.2733  80.63333 60.48
[25,] 1416.1733 211.6667 125.9967  80.63333 60.48
[26,]  695.4867 342.7000 196.5500  45.35667 50.40
[27,] 1396.0133 342.7000 196.5500  80.63333 20.16
[28,] 2056.2200 297.3433 141.1167  80.63333 80.64
[29,] 2096.5400 342.7000 161.2733  40.31667 50.40
[30,] 1375.8533 342.7000 196.5500  10.08000 20.16
[31,] 1416.1733 277.1833 156.2367  45.35667 70.56
[32,]  715.6467 211.6667 105.8400  10.08000 80.64
[33,] 1416.1733 297.3433 156.2367  10.08000  0.00
[34,]  695.4867 322.5400 120.9600   5.04000 60.48
[35,] 2116.7000 211.6667 161.2733  45.35667 80.64
[36,] 1396.0133 362.8600 105.8400  10.08000 80.64
[37,] 1396.0133 297.3433 105.8400  50.39667 50.40
[38,] 2096.5400 322.5400 105.8400  45.35667 60.48
[39,]  715.6467 322.5400 161.2733  10.08000 60.48
[40,] 2096.5400 277.1833 120.9600  10.08000 50.40
[41,] 2096.5400 166.3100 141.1167  15.12000 30.24
[42,] 2076.3800 231.8267 176.3933  10.08000 90.72
[43,] 1375.8533 257.0233 196.5500  10.08000 90.72
[44,] 1396.0133 277.1833 141.1167  50.39667 60.48
[45,] 1396.0133 277.1833  90.7200  45.35667 50.40
[46,] 1396.0133 257.0233 161.2733  10.08000 90.72
[47,]   15.1200 297.3433 105.8400 120.95000 90.72
[48,] 2076.3800 342.7000 141.1167  85.67333 40.32
[49,] 1396.0133 362.8600 120.9600  45.35667 30.24
[50,] 2096.5400 322.5400 176.3933  50.39667 50.40

