$totdays
[1] 365

$Psampest
[1] 442.4498

$Pbootest
    Mean     2.5%      50%    97.5% 
432.8022 305.2783 431.9521 585.8728 

$Pboots
 [1] 451.7780 444.1113 430.5962 301.1842 377.0596 367.7395 571.8834 302.7719 437.3423 561.5307
[11] 413.1640 539.3613 313.9113 364.0910 410.3317 471.6580 433.3081 382.6463 439.8133 407.0850
[21] 585.3339 436.7974 429.2907 446.1091 465.5063 344.4499 335.3755 445.6718 342.6423 394.5144
[31] 457.8504 586.0292 337.9348 521.0692 576.7477 452.9623 410.4839 469.6735 435.1840 680.9161
[41] 506.6839 564.3281 328.3634 402.8618 343.8099 331.4827 389.3020 436.8320 355.1408 405.3937

$Bboots
 [1] 123.48412 123.91752 118.20930  86.02371 103.43954 107.07716 154.24058  85.21732 119.90624
[10] 150.60654 114.46946 145.09436  89.25724 106.16069 113.76865 130.28706 117.44014 112.59113
[19] 121.66199 109.80940 157.25664 117.51782 116.20478 123.40422 126.80836  98.03706  97.12695
[28] 121.38657  97.20189 106.65991 128.40099 156.35517  95.27127 138.82435 155.57660 128.00227
[37] 110.88734 131.37502 121.55707 179.95526 139.67045 149.75520  93.02941 109.66065  98.23239
[46]  91.79858 105.61252 117.73973  98.95659 110.37655

$Nboots
 [1] 3609.720 3311.744 3555.543 2876.436 3088.108 3159.292 4145.191 3326.862 3254.418 3852.256
[11] 3354.581 3979.510 2831.708 3412.539 3432.697 3709.255 3267.016 3192.050 3935.411 3199.610
[21] 3798.711 3428.291 3717.442 3598.378 3395.532 2862.580 3079.286 3754.610 3678.383 3382.301
[31] 3398.679 4310.872 3081.178 3506.403 4466.473 3221.030 3095.665 3995.257 3275.207 4533.251
[41] 3895.095 3950.534 3047.158 3164.963 3624.207 3147.324 3041.488 3585.781 3848.475 2976.601

$julians
[1] 623 735 839 897 988

$intdays
[1] 112 104  58  91

$Pintsampest
[1] 125.10295 113.55251  22.67316 181.12117

$Pintboots
           [,1]      [,2]     [,3]     [,4]
 [1,] 134.93963 113.22610 22.49113 181.1212
 [2,] 107.32000 113.22610 29.48642 194.0788
 [3,] 124.98431 103.98187 22.49113 179.1389
 [4,]  60.13879  53.22864 22.67316 165.1436
 [5,]  89.41840 103.98187 15.49584 168.1635
 [6,]  52.31115  70.96662 34.40536 210.0564
 [7,] 180.23043 182.69653 27.68674 181.2697
 [8,]  68.20369  53.65270 17.75423 163.1613
 [9,] 115.26627 105.05875 17.93626 199.0810
[10,] 182.12084 173.87637 22.57853 182.9550
[11,] 107.32000 104.73234 24.84416 176.2675
[12,] 172.16552 164.95856 22.94984 179.2874
[13,]  62.14784  62.14646 22.49113 167.1259
[14,]  62.14784  62.14646 36.57635 203.2204
[15,] 107.20136 112.80203 27.31543 163.0128
[16,] 125.10295 122.04626 27.41006 197.0987
[17,] 134.93963 122.04626 20.32014 156.0020
[18,]  58.24837  61.72239 41.49528 221.1803
[19,] 132.93059 104.63469 29.94513 172.3029
[20,] 132.93059 104.30828 15.67787 154.1682
[21,] 189.94848 181.94606 25.33371 188.1057
[22,] 134.93963 104.73234 10.85357 186.2719
[23,] 133.16786 113.65016 17.47756 164.9951
[24,] 115.26627 122.37267 27.49746 180.9727
[25,] 134.93963 122.04626 20.41477 188.1057
[26,]  69.97547  52.90223 22.49113 199.0810
[27,]  60.13879  53.22864 29.76309 192.2450
[28,] 135.05827 122.79673 22.67316 165.1436
[29,]  72.10316  80.21084 27.31543 163.0128
[30,] 123.09390 103.98187 15.40120 152.0375
[31,] 107.32000 122.04626 34.40536 194.0788
[32,] 207.85007 174.20278 22.85520 181.1212
[33,]  77.92174  44.73489 18.03090 197.2472
[34,] 180.11179 156.13839 17.84163 166.9774
[35,] 190.06711 191.19029 32.32900 163.1613
[36,] 107.20136 103.98187 36.57635 205.2027
[37,] 125.10295 113.55251 15.67787 156.1505
[38,] 125.10295 130.86642 39.41893 174.2852
[39,]  97.36468 113.12844 27.59210 197.0987
[40,] 254.91264 233.44977 27.41006 165.1436
[41,] 133.16786 131.29048 27.31543 214.9101
[42,] 197.89475 164.63215 15.67787 186.1234
[43,]  68.08506  45.06130 18.11830 197.0987
[44,] 124.98431  95.16171 17.57219 165.1436
[45,]  78.04038  62.14646 29.48642 174.1367
[46,]  79.93079  54.30552 11.12301 186.1234
[47,] 115.14763 104.30828 15.67787 154.1682
[48,] 125.22159 114.30298 11.03561 186.2719
[49,]  97.83238  71.71709 22.57853 163.0128
[50,] 113.25722 104.63469 15.67063 171.8311

$Bdatesampinfo
       DATE JULIAN N      Mean     Stdev
1 9/15/2007    623 3  48.57797  50.45733
2  1/5/2008    735 3 187.62220 198.18315
3 4/18/2008    839 3  43.26192  30.50385
4 6/15/2008    897 3  39.40178  44.47606
5 9/14/2008    988 3 381.47845  68.64519

$Ndatesampinfo
       DATE JULIAN N       Mean     Stdev
1 9/15/2007    623 3  2015.8967 1908.5208
2  1/5/2008    735 3  4465.2167 3585.3385
3 4/18/2008    839 3   927.3167  585.6282
4 6/15/2008    897 3   962.6000  972.0271
5 9/14/2008    988 3 13677.8533 2768.1504

$Bdateboots
          [,1]      [,2]     [,3]     [,4]     [,5]
 [1,] 67.15009 187.62220 42.59824 39.40178 381.4784
 [2,] 15.00293 187.62220 42.59824 64.90579 386.0848
 [3,] 67.15009 168.82610 42.59824 39.40178 376.8721
 [4,] 48.57797  64.96685 43.26192 39.40178 344.3506
 [5,]  0.00000 168.82610 42.59824 13.89777 376.8721
 [6,] 15.00293  83.76295 60.53210 64.90579 423.2127
 [7,] 30.00586 310.27756 61.19579 39.74681 381.4784
 [8,] 45.00879  83.76295 25.32806 39.40178 339.7442
 [9,] 30.00586 187.62220 25.99174 39.40178 423.2127
[10,] 33.57504 310.27756 43.26192 39.05674 386.0848
[11,] 15.00293 187.62220 25.32806 65.25082 344.3506
[12,] 33.57504 291.48145 43.92560 39.74681 376.8721
[13,] 33.57504  83.76295 42.59824 39.40178 348.9569
[14,] 33.57504  83.76295 42.59824 90.75484 381.4784
[15,] 33.57504 168.82610 60.53210 39.05674 339.7442
[16,] 48.57797 187.62220 60.53210 39.40178 418.6063
[17,] 67.15009 187.62220 60.53210 13.55273 348.9569
[18,] 45.00879  64.96685 60.53210 90.75484 423.2127
[19,] 82.15302 168.82610 43.92560 65.25082 335.1379
[20,] 82.15302 168.82610 43.26192 13.89777 344.3506
[21,] 67.15009 291.48145 78.46597 13.89777 423.2127
[22,] 67.15009 187.62220 25.32806 14.24280 418.6063
[23,] 45.00879 206.41831 24.66438 39.05674 344.3506
[24,] 30.00586 187.62220 61.19579 39.05674 381.4784
[25,] 67.15009 187.62220 60.53210 13.89777 423.2127
[26,] 67.15009  64.96685 42.59824 39.40178 423.2127
[27,] 48.57797  64.96685 43.26192 65.25082 381.4784
[28,] 48.57797 206.41831 43.26192 39.40178 344.3506
[29,] 33.57504 102.55906 60.53210 39.05674 339.7442
[30,] 63.58090 168.82610 42.59824 13.55273 339.7442
[31,] 15.00293 187.62220 60.53210 64.90579 386.0848
[32,] 82.15302 310.27756 43.92560 39.40178 381.4784
[33,] 82.15302  64.96685 25.99174 39.74681 418.6063
[34,] 48.57797 291.48145 25.99174 39.05674 348.9569
[35,] 48.57797 310.27756 78.46597 39.40178 339.7442
[36,] 33.57504 168.82610 42.59824 90.75484 386.0848
[37,] 48.57797 187.62220 43.26192 13.89777 348.9569
[38,] 48.57797 187.62220 78.46597 65.25082 339.7442
[39,] 15.00293 168.82610 61.19579 39.40178 418.6063
[40,] 67.15009 414.13681 60.53210 39.40178 344.3506
[41,] 45.00879 206.41831 60.53210 39.05674 460.3405
[42,] 82.15302 291.48145 43.26192 13.89777 418.6063
[43,] 63.58090  64.96685 26.65542 39.40178 418.6063
[44,] 67.15009 168.82610 24.66438 39.40178 344.3506
[45,] 63.58090  83.76295 42.59824 64.90579 339.7442
[46,] 67.15009  83.76295 26.65542 13.89777 418.6063
[47,] 48.57797 168.82610 43.26192 13.89777 344.3506
[48,] 30.00586 206.41831 25.99174 14.24280 418.6063
[49,] 82.15302 102.55906 43.26192 39.05674 339.7442
[50,] 45.00879 168.82610 43.92560 13.20769 386.0848

$Ndateboots
          [,1]     [,2]      [,3]      [,4]     [,5]
 [1,] 2529.953 4465.217  907.1600  962.6000 13677.85
 [2,]  750.920 4465.217  907.1600 1567.3667 11863.55
 [3,] 2529.953 3341.357  907.1600  962.6000 15492.16
 [4,] 2015.897 2076.380  927.3167  962.6000 13063.00
 [5,]    0.000 3341.357  907.1600  357.8333 15492.16
 [6,]  750.920 3200.240 1254.9000 1567.3667 12478.40
 [7,] 1501.840 6854.053 1275.0567  861.8067 13677.85
 [8,] 2252.760 3200.240  579.5767  962.6000 14877.30
 [9,] 1501.840 4465.217  599.7333  962.6000 12478.40
[10,] 1264.977 6854.053  927.3167 1063.3933 11863.55
[11,]  750.920 4465.217  579.5767 1466.5733 13063.00
[12,] 1264.977 5730.193  947.4733  861.8067 15492.16
[13,] 1264.977 3200.240  907.1600  962.6000 11248.69
[14,] 1264.977 3200.240  907.1600 2071.3400 13677.85
[15,] 1264.977 3341.357 1254.9000 1063.3933 14877.30
[16,] 2015.897 4465.217 1254.9000  962.6000 14292.71
[17,] 2529.953 4465.217 1254.9000  458.6267 11248.69
[18,] 2252.760 2076.380 1254.9000 2071.3400 12478.40
[19,] 3280.873 3341.357  947.4733 1466.5733 16691.61
[20,] 3280.873 3341.357  927.3167  357.8333 13063.00
[21,] 2529.953 5730.193 1602.6400  357.8333 12478.40
[22,] 2529.953 4465.217  579.5767  257.0400 14292.71
[23,] 2252.760 5589.077  559.4200 1063.3933 13063.00
[24,] 1501.840 4465.217 1275.0567 1063.3933 13677.85
[25,] 2529.953 4465.217 1254.9000  357.8333 12478.40
[26,] 2529.953 2076.380  907.1600  962.6000 12478.40
[27,] 2015.897 2076.380  927.3167 1466.5733 13677.85
[28,] 2015.897 5589.077  927.3167  962.6000 13063.00
[29,] 1264.977 4324.100 1254.9000 1063.3933 14877.30
[30,] 2766.817 3341.357  907.1600  458.6267 14877.30
[31,]  750.920 4465.217 1254.9000 1567.3667 11863.55
[32,] 3280.873 6854.053  947.4733  962.6000 13677.85
[33,] 3280.873 2076.380  599.7333  861.8067 14292.71
[34,] 2015.897 5730.193  599.7333 1063.3933 11248.69
[35,] 2015.897 6854.053 1602.6400  962.6000 14877.30
[36,] 1264.977 3341.357  907.1600 2071.3400 11863.55
[37,] 2015.897 4465.217  927.3167  357.8333 11248.69
[38,] 2015.897 4465.217 1602.6400 1466.5733 14877.30
[39,]  750.920 3341.357 1275.0567  962.6000 14292.71
[40,] 2529.953 8119.030 1254.9000  962.6000 13063.00
[41,] 2252.760 5589.077 1254.9000 1063.3933 13093.26
[42,] 3280.873 5730.193  927.3167  357.8333 14292.71
[43,] 2766.817 2076.380  619.8900  962.6000 14292.71
[44,] 2529.953 3341.357  559.4200  962.6000 13063.00
[45,] 2766.817 3200.240  907.1600 1567.3667 14877.30
[46,] 2529.953 3200.240  619.8900  357.8333 14292.71
[47,] 2015.897 3341.357  927.3167  357.8333 13063.00
[48,] 1501.840 5589.077  599.7333  257.0400 14292.71
[49,] 3280.873 4324.100  927.3167 1063.3933 14877.30
[50,] 2252.760 3341.357  947.4733  559.4200 11863.55

