$totdays
[1] 365

$Psampest
[1] 26.08739

$Pbootest
    Mean     2.5%      50%    97.5% 
28.15170 13.23691 26.53282 55.80865 

$Pboots
 [1] 37.20805 19.50468 25.93142 33.09944 57.18100 37.59447 18.10831 46.60105 46.06789 25.68755
[11] 51.08168 17.53907 32.29998 13.11262 18.04965 16.10342 15.40870 13.66499 28.53983 37.02723
[21] 29.58258 23.71161 27.96190 19.54650 29.86289 21.38554 18.81969 34.36857 27.74012 15.36196
[31] 36.96592 21.90724 29.72281 62.15420 24.92591 19.29909 14.78654 27.13423 24.59691 28.83735
[41] 10.23180 19.14257 33.48681 43.66136 27.85532 21.60784 36.23049 46.52434 14.95875 25.40311

$Bboots
 [1] 4.194744 2.456877 2.766566 3.513944 5.659000 4.698149 2.296883 4.625394 5.298246 3.104332
[11] 6.429659 1.525012 3.008833 2.216407 2.337201 1.996633 1.729427 1.952487 3.547466 4.247456
[21] 3.876088 3.308406 2.988404 2.233328 3.566417 2.772275 2.277597 3.490590 3.018928 1.705274
[31] 4.842326 2.472930 3.239492 6.121868 3.084454 3.588928 2.242235 3.571235 3.070067 3.527815
[41] 2.031343 2.127845 3.408195 5.272662 2.947356 2.842204 3.960565 6.166957 1.727271 2.820517

$Nboots
 [1] 175.35722 109.98873 131.16046 165.22557 258.92500 177.76097  87.03399 213.42388 215.36405
[10] 127.91540 237.66796  97.81546 148.70940  74.99754 100.32276  84.47518  87.85706  72.06153
[19] 133.47944 164.64390 143.88424 115.93153 132.72344  93.02669 144.34729 113.45856  99.01787
[28] 160.31662 134.25154  79.47881 172.12933 110.07614 147.64386 276.00982 126.62768 100.16930
[37]  74.53396 131.29889 124.37846 139.38579  63.32164 110.40134 155.02783 206.14293 136.60378
[46] 104.70204 172.26669 222.42029  85.10992 124.97993

$julians
[1] 623 735 839 897 988

$intdays
[1] 112 104  58  91

$Pintsampest
[1] 7.908045 8.590899 2.090796 7.497650

$Pintboots
           [,1]      [,2]      [,3]      [,4]
 [1,] 13.190056 14.171260 2.3299947  7.516744
 [2,]  2.975174  4.820995 4.4287343  7.279777
 [3,]  8.119118  8.942690 2.7604135  6.109200
 [4,]  7.690881 10.903733 4.4049183 10.099910
 [5,] 22.191492 25.421382 2.9613491  6.606780
 [6,] 13.430557 14.722414 2.0270036  7.414498
 [7,]  3.781899  3.141171 0.6852652 10.499975
 [8,] 18.366748 20.082486 2.0983936  6.053421
 [9,] 16.829685 19.049136 2.6340652  7.555005
[10,]  8.318756 10.074511 3.1587530  4.135527
[11,] 18.371634 18.128176 2.8304418 11.751425
[12,]  4.680866  5.615524 2.7344041  4.508277
[13,] 12.723622 12.759470 1.8986059  4.918279
[14,]  3.378046  3.893018 1.4863628  4.355196
[15,]  1.011063  1.650424 3.2733715 12.114791
[16,]  4.134140  4.001575 1.7461687  6.221539
[17,]  3.398606  4.788118 3.0788906  4.143086
[18,]  2.796854  2.726555 0.9433381  7.198240
[19,]  6.265448  8.251628 2.1303123 11.892445
[20,] 12.269412 13.018015 1.2811270 10.458674
[21,]  7.719697  7.885931 1.8561342 12.120812
[22,]  7.060025  7.667605 1.6340313  7.349953
[23,] 10.110079 10.213273 1.3687112  6.269836
[24,]  6.740266  6.962971 1.1225848  4.720682
[25,]  8.696886  9.462724 2.6598020  9.043475
[26,]  7.659511  7.638732 2.3858541  3.701442
[27,]  3.266994  2.940316 2.4432136 10.169168
[28,] 12.228323 14.866839 1.7159150  5.557497
[29,]  7.786999  9.013146 2.8419003  8.098073
[30,]  2.153947  2.661354 1.8621763  8.684485
[31,] 13.171219 14.482259 2.1507750  7.161671
[32,]  7.899595  8.201961 2.3305659  3.475120
[33,]  8.633625 11.168445 2.5994687  7.321276
[34,] 28.173273 29.300196 1.3776817  3.303051
[35,]  7.665800  9.482734 2.3880348  5.389340
[36,]  1.664102  3.277816 1.7447975 12.612370
[37,]  3.555020  3.480657 1.2911967  6.459665
[38,]  7.347893  9.085522 1.6166354  9.084175
[39,]  8.641909  8.135834 2.1524768  5.666694
[40,]  8.669865  8.781632 1.2620642 10.123786
[41,]  2.359127  2.605723 1.4850313  3.781916
[42,]  3.591645  4.370356 3.2034551  7.977115
[43,] 12.972193 14.344476 1.6719446  4.498193
[44,] 14.495513 15.287747 2.7934770 11.084623
[45,]  8.858660  9.673702 1.9531779  7.369784
[46,]  7.350477  8.854215 1.7652111  3.637938
[47,] 12.887735 14.013996 2.5890006  6.739756
[48,] 13.943441 14.303732 2.8475601 15.429610
[49,]  2.429283  4.319027 2.9574401  5.252999
[50,]  8.670559  8.804418 1.8218712  6.106263

$Bdatesampinfo
       DATE JULIAN N     Mean     Stdev
1 9/15/2007    623 5 1.171097  1.647327
2  1/5/2008    735 8 4.475102 10.741102
3 4/18/2008    839 7 2.225790  3.303318
4 6/15/2008    897 7 1.262769  1.762807
5 9/14/2008    988 7 8.337897 13.878954

$Ndatesampinfo
       DATE JULIAN N      Mean     Stdev
1 9/15/2007    623 5  46.15200  44.27078
2  1/5/2008    735 8 252.40000 488.50023
3 4/18/2008    839 7  63.18429  72.56133
4 6/15/2008    897 7  76.92000  83.82163
5 9/14/2008    988 7 195.05143 311.16266

$Bdateboots
            [,1]       [,2]      [,3]       [,4]      [,5]
 [1,] 1.84976813  8.2268031 2.3445583 1.04908229  8.467297
 [2,] 1.77388280  0.5400908 3.2607043 3.12155741  4.036428
 [3,] 0.49242522  4.7880882 1.8962348 2.53382176  3.203813
 [4,] 1.06373069  4.4462981 2.4524052 2.21198977  8.826435
 [5,] 0.52390587 15.7249244 1.8853139 1.41818682  6.691243
 [6,] 1.24698202  8.5518023 4.8450792 0.78387002  7.976709
 [7,] 0.75437816  1.0195960 0.2765339 0.20452466 14.619374
 [8,] 0.79878285 12.3876040 0.8631243 1.36849467  6.965922
 [9,] 0.97210503 11.6429244 3.8454914 1.31429456  7.808441
[10,] 1.40156897  4.5008095 4.2938148 1.74001881  2.363797
[11,] 2.17186608 11.8572230 3.2784001 2.90622286 13.181712
[12,] 1.20257732  1.3409779 1.5557582 1.52798083  2.148083
[13,] 1.17109668  8.1374213 0.2765339 1.89708535  2.277484
[14,] 1.66651681  0.8012909 3.8649905 0.09656450  6.539047
[15,] 0.27769326  0.1288058 0.7778791 2.89618429 10.814178
[16,] 1.74240215  1.0044874 1.1074348 0.73641191  8.533997
[17,] 0.94062439  0.9991878 1.3644695 2.54550862  3.076462
[18,] 0.42946393  0.9695987 1.6392000 0.79962477  8.373583
[19,] 0.40079956  3.9584157 1.5557582 0.62845176 15.693680
[20,] 1.37008832  7.8328303 0.8966469 0.20946951 14.731665
[21,] 0.70715719  4.4781977 1.7579679 1.42148339 14.986247
[22,] 1.03225005  4.2228186 2.0875235 1.27357845 10.267158
[23,] 1.83402781  5.3069779 0.7248574 0.46808864  9.073356
[24,] 0.36931892  4.2378204 1.6392000 1.05989219  3.623482
[25,] 1.47745431  4.5911018 2.5358470 1.42060643  9.958768
[26,] 1.24698202  4.2896068 3.2784001 2.20810745  1.378987
[27,] 1.47745431  0.6507914 0.7443565 2.15987801  9.633267
[28,] 0.06296129  8.4011959 1.4034678 0.31742967  7.617572
[29,] 1.37008832  4.2577072 1.3449704 1.42060643  8.734770
[30,] 0.30917390  0.6566123 0.5865904 1.20208094  8.442452
[31,] 1.49319463  8.1254086 5.1551358 0.84378631  8.996752
[32,] 2.04875978  4.1417071 2.5553461 1.26441684  1.811741
[33,] 1.09521134  4.9182864 2.1618478 0.68671976  9.287021
[34,] 1.12669198 19.6745226 1.5861783 1.10735030  3.112148
[35,] 0.17032727  4.7880882 3.7267236 1.41818682  4.639306
[36,] 0.67567654  0.2771017 3.9837583 0.09656450 19.320898
[37,] 2.04875978  0.6362041 2.3640574 0.04745811  9.793681
[38,] 1.12387571  4.3674972 2.8654026 0.04910639 12.881994
[39,] 2.40533328  4.4409986 3.0340896 1.79077349  3.623482
[40,] 0.63127185  4.9735832 1.7774670 0.67261330 12.743921
[41,] 0.27769326  0.8588982 4.2584888 0.98363539  3.771004
[42,] 1.04799037  1.1204692 1.0544130 2.58127987  6.462443
[43,] 1.01650973  8.3928005 2.2257905 0.62515519  3.761555
[44,] 2.46829457  8.4330955 2.6741139 1.74001881 14.018546
[45,] 1.86550846  4.6835796 1.3644695 0.34854727  8.920148
[46,] 0.63127185  4.3932049 3.6542027 0.63926165  4.733019
[47,] 1.94139380  8.0010130 1.3644695 1.31022667  8.391705
[48,] 2.40533328  8.3663073 3.5354349 2.20810745 18.710620
[49,] 0.94062439  0.7459940 2.8123809 1.20450055  3.351790
[50,] 1.97287444  4.4955100 1.4564895 0.52195432  7.643354

$Ndateboots
        [,1]      [,2]      [,3]       [,4]      [,5]
 [1,] 61.536 420.66875  74.17286  79.667143 192.30429
 [2,] 65.382  72.11250 129.11571 148.345714 115.38000
 [3,] 30.768 281.24500  46.70143 137.357143  87.90857
 [4,] 42.306 252.40000 142.85143 131.862857 225.27000
 [5,] 38.460 749.99500 104.39143  85.161429 153.84429
 [6,] 42.306 449.51375  79.66714  60.437143 200.54571
 [7,] 49.998 112.97625  21.97714  19.230000 337.90714
 [8,] 38.460 620.18625  60.43714  74.172857 159.33857
 [9,] 42.306 560.09250  87.90857  98.897143 186.81000
[10,] 57.690 245.18875 115.38000  90.655714  63.18429
[11,] 73.074 572.11125  49.44857 148.345714 288.45857
[12,] 53.844 141.82125  87.90857  96.150000  76.92000
[13,] 46.152 411.05375  21.97714 101.644286  74.17286
[14,] 61.536  86.53500  87.90857  19.230000 151.09714
[15,] 23.076  40.86375  43.95429 175.817143 258.23571
[16,] 57.690 105.76500  60.43714  52.195714 181.31571
[17,] 34.614 112.97625  82.41429 112.632857  52.19571
[18,] 15.384 103.36125  24.72429  49.448571 206.04000
[19,] 30.768 197.11375  87.90857  52.195714 362.63143
[20,] 49.998 382.20875  54.94286  27.471429 337.90714
[21,] 38.460 259.61125  35.71286  90.655714 340.65429
[22,] 34.614 230.76625  52.19571  57.690000 211.53429
[23,] 57.690 322.10875  49.44857  35.712857 189.55714
[24,] 23.076 225.95875  24.72429  60.437143  98.89714
[25,] 53.844 262.01500  79.66714  96.150000 225.27000
[26,] 42.306 240.38125  49.44857 126.368571  32.96571
[27,] 53.844  88.93875  49.44857 109.885714 241.75286
[28,] 15.384 439.89875  82.41429  27.471429 167.58000
[29,] 49.998 233.17000  82.41429  96.150000 200.54571
[30,] 30.768  74.51625  38.46000  76.920000 225.27000
[31,] 57.690 411.05375  96.15000  52.195714 200.54571
[32,] 65.382 223.55500  79.66714  79.667143  49.44857
[33,] 49.998 290.86000 126.36857  41.207143 214.28143
[34,] 57.690 944.70500  30.21857  68.678571  63.18429
[35,] 19.230 281.24500  76.92000  85.161429 107.13857
[36,] 30.768  52.88250  98.89714  19.230000 428.56714
[37,] 65.382  74.51625  74.17286   8.241429 217.02857
[38,] 34.614 242.78500  96.15000  10.988571 315.93000
[39,] 69.228 259.61125  49.44857 104.391429  98.89714
[40,] 42.306 293.26375  35.71286  54.942857 304.94143
[41,] 23.076  86.53500  41.20714  79.667143  68.67857
[42,] 38.460 129.80250  65.93143 145.598571 162.08571
[43,] 30.768 439.89875  63.18429  46.701429 109.88571
[44,] 84.612 447.11000  90.65571  90.655714 307.68857
[45,] 65.382 278.84125  82.41429  46.701429 211.53429
[46,] 42.306 235.57375  82.41429  32.965714  93.40286
[47,] 61.536 401.43875  82.41429  85.161429 178.56857
[48,] 69.228 437.49500  71.42571 126.368571 439.55571
[49,] 34.614  84.13125 101.64429  87.908571  98.89714
[50,] 69.228 252.40000  76.92000  46.701429 178.56857

