$totdays
[1] 365

$Psampest
[1] 5.480914

$Pbootest
    Mean     2.5%      50%    97.5% 
5.224054 3.739711 5.020194 7.328948 

$Pboots
 [1] 6.522056 4.251757 7.092439 4.774684 4.696226 5.919409 6.332229 5.406367 5.247889 4.500087
[11] 4.703806 4.251495 4.946818 4.465989 4.061131 6.386142 5.152868 2.499805 4.245661 5.266128
[21] 5.086936 4.950113 6.514848 7.118444 4.197141 6.762649 4.953452 5.092542 3.878025 5.164392
[31] 6.046685 4.438623 4.672901 7.366454 5.516671 5.212777 4.400387 7.091341 4.560475 5.689955
[41] 7.483894 3.699556 5.097761 4.615159 4.572118 4.595492 7.199760 4.103808 6.305464 4.091902

$Bboots
 [1] 1.4910381 0.7479432 0.9981546 0.5059452 0.7222950 1.1682404 0.6283165 0.5503903 0.5562799
[10] 0.4557699 0.7301598 0.4254952 0.5119041 0.4365743 0.6958717 0.9501351 0.8153324 0.2610640
[19] 0.4192257 0.8397683 0.7954318 0.8200036 1.2440478 0.9931994 0.7170956 0.9725726 0.5240453
[28] 0.8111847 0.3751172 0.7977503 0.9148893 0.4786496 1.0031053 1.6036290 0.8240785 0.8163476
[37] 0.7579357 1.5483669 0.4547777 0.6202938 0.8143588 0.6455459 0.7870271 0.5132879 1.0184538
[46] 0.4926865 1.0027376 0.4245848 1.2156247 0.6968223

$Nboots
 [1] 110.69663  85.07893 165.22933  94.83163  92.63341  85.40461 138.10003 125.53192 121.08429
[10]  97.59577  88.71854 110.54219 121.18737 101.45809  81.88461 116.08873 103.84482  58.34357
[19]  91.96415  92.95965 108.73866  70.74160 114.30262 147.59500  82.79472 131.18064 109.97529
[28]  85.24990  86.69233 104.54947 108.99647  83.25833  78.86254 115.72774 124.31252 108.34401
[37]  87.77419 127.97061 118.44047 117.23824 163.54660  74.34661 118.54412  73.29974  78.77708
[46] 111.77852 166.46551  84.95896 100.59992  94.21343

$julians
[1] 623 735 839 897 988

$intdays
[1] 112 104  58  91

$Pintsampest
[1] 2.7203040 2.0486004 0.3442327 0.3677769

$Pintboots
          [,1]      [,2]       [,3]       [,4]
 [1,] 3.233229 2.4516645 0.37447778 0.46268387
 [2,] 1.406393 1.9367537 0.54083359 0.36777689
 [3,] 2.783289 3.0670411 0.68450559 0.55760318
 [4,] 2.256162 1.7430980 0.43137433 0.34405014
 [5,] 2.916679 1.4871339 0.09073524 0.20167733
 [6,] 3.437269 2.1034183 0.10585779 0.27286374
 [7,] 3.379965 2.5562757 0.33667142 0.05931686
 [8,] 2.581719 1.6478556 0.29886507 0.87792658
 [9,] 2.456506 1.8668116 0.62797523 0.29659665
[10,] 2.437074 1.6085406 0.26465233 0.18982013
[11,] 2.640704 1.8399871 0.14007053 0.08304361
[12,] 1.732978 1.6507626 0.39320179 0.47455341
[13,] 2.114092 1.9034381 0.43100814 0.49828015
[14,] 2.348788 1.5480243 0.27257979 0.29659665
[15,] 1.878225 1.5250790 0.40869052 0.24913699
[16,] 3.440235 2.1450299 0.38564052 0.41523655
[17,] 2.055034 2.1338420 0.54876105 0.41523038
[18,] 1.170311 0.7429912 0.32550868 0.26099420
[19,] 2.569456 1.2424629 0.11341906 0.32032340
[20,] 2.679806 2.0318017 0.32911015 0.22541025
[21,] 2.195070 2.0064053 0.44649687 0.43896329
[22,] 2.667927 1.8336550 0.14007053 0.30846002
[23,] 3.316175 2.6101820 0.44613068 0.14236047
[24,] 3.353623 2.7846574 0.54119978 0.43896329
[25,] 1.807568 1.9414885 0.31758122 0.13050327
[26,] 3.387738 2.5217883 0.46161941 0.39150363
[27,] 2.362964 1.6851361 0.52571105 0.37964026
[28,] 2.835679 1.9894246 0.20812196 0.05931686
[29,] 2.144886 1.2629742 0.18543815 0.28472711
[30,] 2.719798 1.8855674 0.22684598 0.33218060
[31,] 2.971606 2.5097385 0.35179397 0.21354687
[32,] 2.140548 1.7008698 0.26501852 0.33218677
[33,] 2.696509 1.7455121 0.05292889 0.17795059
[34,] 3.623520 2.8484032 0.50302724 0.39150363
[35,] 2.801184 2.0515135 0.43856941 0.22540408
[36,] 2.212967 1.9948773 0.51851597 0.48641678
[37,] 1.577588 1.9519943 0.50302724 0.36777689
[38,] 3.351270 2.6716692 0.41588560 0.65251633
[39,] 2.039611 1.5829719 0.41588560 0.52200690
[40,] 2.572884 2.2550809 0.61285269 0.24913699
[41,] 2.846309 3.2265506 0.88903395 0.52200073
[42,] 1.599697 1.6145707 0.20056069 0.28472711
[43,] 2.299857 1.9430546 0.41588560 0.43896329
[44,] 2.523176 1.4244302 0.19299942 0.47455341
[45,] 2.352055 1.5811152 0.29489741 0.34405014
[46,] 1.940849 1.9170042 0.64273158 0.09490698
[47,] 3.273907 2.9856922 0.71475067 0.22541025
[48,] 2.243379 1.2560228 0.27221360 0.33219294
[49,] 3.270171 2.4172857 0.23836705 0.37964026
[50,] 1.668691 1.6362893 0.43100814 0.35591351

$Bdatesampinfo
       DATE JULIAN N      Mean      Stdev
1 9/15/2007    623 5 0.8097699 0.61454323
2  1/5/2008    735 8 2.3446117 4.01370946
3 4/18/2008    839 7 0.4459980 0.67499531
4 6/15/2008    897 7 0.0305547 0.03810841
5 9/14/2008    988 7 0.2851878 0.33187286

$Ndatesampinfo
       DATE JULIAN N       Mean     Stdev
1 9/15/2007    623 5 184.614000 133.65015
2  1/5/2008    735 8 189.903750 198.10815
3 4/18/2008    839 7  96.152857 167.28249
4 6/15/2008    897 7   8.241429  10.27887
5 9/14/2008    988 7  76.922857  89.51508

$Bdateboots
           [,1]      [,2]       [,3]       [,4]       [,5]
 [1,] 0.8953304 4.8209539 0.47655274 0.04073960 0.35648212
 [2,] 0.2138829 2.0059591 0.70063115 0.04073960 0.27500292
 [3,] 0.5673618 2.5397796 0.92470956 0.01018490 0.46852662
 [4,] 0.8893081 0.8297248 0.59662335 0.01018490 0.28518782
 [5,] 1.0349116 2.1833035 0.08147921 0.04073960 0.13240371
 [6,] 0.9350921 3.9762525 0.08147921 0.06110941 0.17314861
 [7,] 0.9065744 1.5783335 0.44599804 0.02036980 0.03055470
 [8,] 0.9553734 0.9366662 0.40525843 0.01018490 0.74352954
 [9,] 1.1264871 0.6782105 0.84107157 0.03055470 0.22407841
[10,] 0.8637978 0.9634016 0.33611232 0.02036980 0.14259391
[11,] 0.6641664 2.3615439 0.18118002 0.02036980 0.05092450
[12,] 0.4960675 0.7307898 0.50926623 0.02036980 0.38704212
[13,] 0.5846281 0.9812205 0.53982093 0.04073960 0.38704212
[14,] 0.8097699 0.8466431 0.34199024 0.05092450 0.20370861
[15,] 0.6844476 1.7733427 0.54569885 0.03055470 0.18333351
[16,] 1.3313476 2.4524492 0.48889643 0.03055470 0.32593272
[17,] 0.5673618 2.0317892 0.75743357 0.02036980 0.33611232
[18,] 0.6559224 0.1604215 0.42346945 0.04073960 0.18332822
[19,] 1.0094013 0.8921119 0.13240371 0.02036980 0.25463311
[20,] 0.7557419 2.4435374 0.42562823 0.03055470 0.16296371
[21,] 0.5846281 2.0941763 0.58643845 0.04073960 0.33611762
[22,] 0.6416710 2.6404974 0.17099512 0.03055470 0.23426331
[23,] 0.9125968 3.8782228 0.56019073 0.04073960 0.08147921
[24,] 0.9921350 2.5308678 0.74724867 0.02036980 0.35648742
[25,] 0.1996315 2.3000481 0.39722173 0.03055470 0.08148450
[26,] 1.1062059 2.5317685 0.62717806 0.02036980 0.31574252
[27,] 1.1062059 0.6692987 0.70063115 0.02036980 0.30555762
[28,] 0.7129653 2.5950424 0.24228943 0.05092450 0.00000000
[29,] 0.7925035 0.7397062 0.22191962 0.04073960 0.20370331
[30,] 0.7557419 2.3802588 0.27500292 0.03055470 0.25462782
[31,] 0.6386561 2.7821946 0.44599804 0.04073960 0.14259391
[32,] 0.5418516 1.1336262 0.35217514 0.03055470 0.25463311
[33,] 0.6386561 3.5555971 0.05092450 0.02036980 0.13240371
[34,] 1.0889396 5.0268211 0.65989155 0.03055470 0.30555762
[35,] 0.9808836 2.1387399 0.55000583 0.04073960 0.15277351
[36,] 0.7129653 1.9783231 0.70650907 0.03055470 0.38704212
[37,] 0.2709258 2.0683323 0.64970664 0.04073960 0.27500292
[38,] 0.9065744 4.9100765 0.53982093 0.02036980 0.53982623
[39,] 0.7812521 0.6594955 0.52963603 0.03055470 0.41759682
[40,] 0.9238407 1.0712391 0.83088666 0.02036980 0.19351841
[41,] 0.7669933 1.4188127 1.22596020 0.01018490 0.43796133
[42,] 0.1425886 2.1209163 0.25247433 0.03055470 0.21388821
[43,] 0.6844476 2.0674502 0.53982093 0.02036980 0.35648742
[44,] 0.9350921 1.1345176 0.22191962 0.05092450 0.35648742
[45,] 0.8352801 3.1367292 0.34629722 0.05092450 0.24444821
[46,] 0.7669933 0.6960387 0.83519365 0.03055470 0.05092450
[47,] 0.9808836 2.4684853 0.93489446 0.04073960 0.15277881
[48,] 1.0318967 0.6782197 0.35648212 0.01018490 0.27500821
[49,] 0.7557419 4.0029879 0.30339883 0.03055470 0.29537272
[50,] 0.4848087 1.8268227 0.55000583 0.03055470 0.27500292

$Ndateboots
         [,1]      [,2]      [,3]      [,4]       [,5]
 [1,] 207.692 175.48125 104.39429 10.988571  96.152857
 [2,]  57.690  98.56000 164.83429 10.988571  74.175714
 [3,] 119.230 310.09375 225.27429  2.747143 126.374286
 [4,] 138.462 156.25125 112.63571  2.747143  76.922857
 [5,] 211.538 213.94250  21.97714 10.988571  35.712857
 [6,] 184.614 187.50000  21.97714 16.482857  46.702857
 [7,] 176.922 358.17125  96.15286  5.494286   8.241429
 [8,] 257.690 185.09625  85.16429  2.747143 200.550000
 [9,] 303.844 115.38375 178.57000  8.241429  60.440000
[10,] 165.384 192.30750  90.65857  5.494286  38.461429
[11,] 111.538 262.01875  24.72429  5.494286  13.735714
[12,] 100.000 197.11375 137.36286  5.494286 104.395714
[13,] 157.690 197.11375 145.60429 10.988571 104.395714
[14,] 184.614 228.36250  43.95429 13.735714  54.945714
[15,] 184.614 103.36500  98.90000  8.241429  49.450000
[16,] 257.692 151.44250 131.86857  8.241429  87.912857
[17,] 119.230 173.07500 131.86571  5.494286  90.658571
[18,] 176.920  43.27000  65.93143 10.988571  49.448571
[19,] 238.460 173.07875  35.71286  5.494286  68.681429
[20,] 203.844 149.03875  90.65857  8.241429  43.955714
[21,] 157.690 189.90250 109.88857 10.988571  90.660000
[22,] 173.076 134.61625  21.97714  8.241429  63.187143
[23,] 246.152 161.05875 151.09857 10.988571  21.977143
[24,] 200.000 307.69000 129.11857  5.494286  96.154286
[25,]  53.846 177.88375 107.14143  8.241429  21.978571
[26,] 230.768 240.38500 120.87714  5.494286  85.164286
[27,] 230.768 112.98000 164.83429  5.494286  82.417143
[28,] 192.306 189.90375  41.20714 13.735714   0.000000
[29,] 146.154 199.51875  35.71286 10.988571  54.944286
[30,] 203.844 199.51875  74.17571  8.241429  68.680000
[31,] 138.460 240.38375  96.15286 10.988571  38.461429
[32,] 146.152 170.67375  46.70143  8.241429  68.681429
[33,] 138.460 209.13375  13.73571  5.494286  35.712857
[34,] 192.308 163.46125 153.84571  8.241429  82.417143
[35,] 230.768 201.92250 148.35143 10.988571  41.207143
[36,] 192.306 158.65375 118.13000  8.241429 104.395714
[37,]  73.076 115.38375 151.09857 10.988571  74.175714
[38,] 176.922 199.52000 145.60429  5.494286 145.605714
[39,] 176.922 177.88375 142.85714  8.241429 112.637143
[40,] 215.382 153.84625 175.82286  5.494286  52.197143
[41,] 173.076 247.59625 258.24000  2.747143 118.130000
[42,]  38.460 197.11500  43.95429  8.241429  57.691429
[43,] 184.614 182.69375 145.60429  5.494286  96.154286
[44,] 184.614 103.36625  35.71286 13.735714  96.154286
[45,] 157.692  96.15375  93.40571 13.735714  65.934286
[46,] 173.076 120.19250 225.27429  8.241429  13.735714
[47,] 230.768 290.86375 228.02143 10.988571  41.208571
[48,] 176.922 115.38625  96.15286  2.747143  74.177143
[49,] 203.844 194.71125  57.69000  8.241429  79.670000
[50,] 130.766 117.79000 148.35143  8.241429  74.175714

