$totdays
[1] 365

$pb
[1] 5

$Psampest
[1] 0.004567125

$Pbootest
       Mean        2.5%         50%       97.5% 
0.003471015 0.000000000 0.004567125 0.009134250 

$Pboots
 [1] 0.000000000 0.004567125 0.000000000 0.004567125 0.004567125 0.004567125 0.000000000
 [8] 0.004567125 0.004567125 0.009134250 0.009134250 0.004567125 0.000000000 0.004567125
[15] 0.004567125 0.004567125 0.009134250 0.004567125 0.004567125 0.000000000 0.000000000
[22] 0.000000000 0.000000000 0.000000000 0.009134250 0.004567125 0.004567125 0.000000000
[29] 0.000000000 0.004567125 0.004567125 0.004567125 0.000000000 0.000000000 0.004567125
[36] 0.000000000 0.000000000 0.009134250 0.000000000 0.000000000 0.009134250 0.013701375
[43] 0.000000000 0.004567125 0.004567125 0.004567125 0.004567125 0.000000000 0.004567125
[50] 0.000000000

$Bboots
 [1] 0.000000000 0.000913425 0.000000000 0.000913425 0.000913425 0.000913425 0.000000000
 [8] 0.000913425 0.000913425 0.001826850 0.001826850 0.000913425 0.000000000 0.000913425
[15] 0.000913425 0.000913425 0.001826850 0.000913425 0.000913425 0.000000000 0.000000000
[22] 0.000000000 0.000000000 0.000000000 0.001826850 0.000913425 0.000913425 0.000000000
[29] 0.000000000 0.000913425 0.000913425 0.000913425 0.000000000 0.000000000 0.000913425
[36] 0.000000000 0.000000000 0.001826850 0.000000000 0.000000000 0.001826850 0.002740275
[43] 0.000000000 0.000913425 0.000913425 0.000913425 0.000913425 0.000000000 0.000913425
[50] 0.000000000

$Nboots
 [1] 0.0000000 0.6867857 0.0000000 0.6867857 0.6867857 0.6867857 0.0000000 0.6867857 0.6867857
[10] 1.3735714 1.3735714 0.6867857 0.0000000 0.6867857 0.6867857 0.6867857 1.3735714 0.6867857
[19] 0.6867857 0.0000000 0.0000000 0.0000000 0.0000000 0.0000000 1.3735714 0.6867857 0.6867857
[28] 0.0000000 0.0000000 0.6867857 0.6867857 0.6867857 0.0000000 0.0000000 0.6867857 0.0000000
[37] 0.0000000 1.3735714 0.0000000 0.0000000 1.3735714 2.0603571 0.0000000 0.6867857 0.6867857
[46] 0.6867857 0.6867857 0.0000000 0.6867857 0.0000000

$julians
[1] 623 735 839 897 988

$intdays
[1] 112 104  58  91

$Bdatesampinfo
       DATE JULIAN N      Mean       Stdev
1 9/15/2007    623 5 0.0000000 0.000000000
2  1/5/2008    735 8 0.0000000 0.000000000
3 4/18/2008    839 7 0.0000000 0.000000000
4 6/15/2008    897 7 0.0036537 0.009666782
5 9/14/2008    988 7 0.0000000 0.000000000

$Ndatesampinfo
       DATE JULIAN N     Mean    Stdev
1 9/15/2007    623 5 0.000000 0.000000
2  1/5/2008    735 8 0.000000 0.000000
3 4/18/2008    839 7 0.000000 0.000000
4 6/15/2008    897 7 2.747143 7.268257
5 9/14/2008    988 7 0.000000 0.000000

$Bdateboots
      [,1] [,2] [,3]      [,4] [,5]
 [1,]    0    0    0 0.0000000    0
 [2,]    0    0    0 0.0036537    0
 [3,]    0    0    0 0.0000000    0
 [4,]    0    0    0 0.0036537    0
 [5,]    0    0    0 0.0036537    0
 [6,]    0    0    0 0.0036537    0
 [7,]    0    0    0 0.0000000    0
 [8,]    0    0    0 0.0036537    0
 [9,]    0    0    0 0.0036537    0
[10,]    0    0    0 0.0073074    0
[11,]    0    0    0 0.0073074    0
[12,]    0    0    0 0.0036537    0
[13,]    0    0    0 0.0000000    0
[14,]    0    0    0 0.0036537    0
[15,]    0    0    0 0.0036537    0
[16,]    0    0    0 0.0036537    0
[17,]    0    0    0 0.0073074    0
[18,]    0    0    0 0.0036537    0
[19,]    0    0    0 0.0036537    0
[20,]    0    0    0 0.0000000    0
[21,]    0    0    0 0.0000000    0
[22,]    0    0    0 0.0000000    0
[23,]    0    0    0 0.0000000    0
[24,]    0    0    0 0.0000000    0
[25,]    0    0    0 0.0073074    0
[26,]    0    0    0 0.0036537    0
[27,]    0    0    0 0.0036537    0
[28,]    0    0    0 0.0000000    0
[29,]    0    0    0 0.0000000    0
[30,]    0    0    0 0.0036537    0
[31,]    0    0    0 0.0036537    0
[32,]    0    0    0 0.0036537    0
[33,]    0    0    0 0.0000000    0
[34,]    0    0    0 0.0000000    0
[35,]    0    0    0 0.0036537    0
[36,]    0    0    0 0.0000000    0
[37,]    0    0    0 0.0000000    0
[38,]    0    0    0 0.0073074    0
[39,]    0    0    0 0.0000000    0
[40,]    0    0    0 0.0000000    0
[41,]    0    0    0 0.0073074    0
[42,]    0    0    0 0.0109611    0
[43,]    0    0    0 0.0000000    0
[44,]    0    0    0 0.0036537    0
[45,]    0    0    0 0.0036537    0
[46,]    0    0    0 0.0036537    0
[47,]    0    0    0 0.0036537    0
[48,]    0    0    0 0.0000000    0
[49,]    0    0    0 0.0036537    0
[50,]    0    0    0 0.0000000    0

$Ndateboots
      [,1] [,2] [,3]     [,4] [,5]
 [1,]    0    0    0 0.000000    0
 [2,]    0    0    0 2.747143    0
 [3,]    0    0    0 0.000000    0
 [4,]    0    0    0 2.747143    0
 [5,]    0    0    0 2.747143    0
 [6,]    0    0    0 2.747143    0
 [7,]    0    0    0 0.000000    0
 [8,]    0    0    0 2.747143    0
 [9,]    0    0    0 2.747143    0
[10,]    0    0    0 5.494286    0
[11,]    0    0    0 5.494286    0
[12,]    0    0    0 2.747143    0
[13,]    0    0    0 0.000000    0
[14,]    0    0    0 2.747143    0
[15,]    0    0    0 2.747143    0
[16,]    0    0    0 2.747143    0
[17,]    0    0    0 5.494286    0
[18,]    0    0    0 2.747143    0
[19,]    0    0    0 2.747143    0
[20,]    0    0    0 0.000000    0
[21,]    0    0    0 0.000000    0
[22,]    0    0    0 0.000000    0
[23,]    0    0    0 0.000000    0
[24,]    0    0    0 0.000000    0
[25,]    0    0    0 5.494286    0
[26,]    0    0    0 2.747143    0
[27,]    0    0    0 2.747143    0
[28,]    0    0    0 0.000000    0
[29,]    0    0    0 0.000000    0
[30,]    0    0    0 2.747143    0
[31,]    0    0    0 2.747143    0
[32,]    0    0    0 2.747143    0
[33,]    0    0    0 0.000000    0
[34,]    0    0    0 0.000000    0
[35,]    0    0    0 2.747143    0
[36,]    0    0    0 0.000000    0
[37,]    0    0    0 0.000000    0
[38,]    0    0    0 5.494286    0
[39,]    0    0    0 0.000000    0
[40,]    0    0    0 0.000000    0
[41,]    0    0    0 5.494286    0
[42,]    0    0    0 8.241429    0
[43,]    0    0    0 0.000000    0
[44,]    0    0    0 2.747143    0
[45,]    0    0    0 2.747143    0
[46,]    0    0    0 2.747143    0
[47,]    0    0    0 2.747143    0
[48,]    0    0    0 0.000000    0
[49,]    0    0    0 2.747143    0
[50,]    0    0    0 0.000000    0

