$totdays
[1] 365

$Psampest
[1] 6.976228

$Pbootest
     Mean      2.5%       50%     97.5% 
 6.913433  2.591358  6.217715 12.661445 

$Pboots
 [1] 11.829403 11.796800  9.419078  8.002085  6.060423  5.888425  7.044402  5.846399  3.525571
[10] 10.179227  8.607973  4.015868  5.900573  2.515289  7.606315  3.342734  6.371539  8.495219
[19] 12.799782 12.175984  6.417863  5.820218  3.349461  2.075689  5.772671  5.578367  3.722071
[28] 10.600599  6.852790 10.392747  2.972425 12.184952  7.463717  5.193192  4.695607  6.936945
[37]  6.642685  4.255775  5.846417 15.591755 11.655700  4.492697  6.063891  8.372801  7.493980
[46]  5.697108  2.853375  4.102650  3.786467  7.363977

$Bboots
 [1] 3.6007405 3.6402103 2.8278176 2.3844464 1.7797983 1.6353009 2.0060933 1.6429332 0.9729612
[10] 3.1339269 2.5707720 1.0954275 1.8056526 0.7239983 2.3589384 0.9746342 1.8930572 2.6304701
[19] 3.9066525 3.7540490 1.9308596 1.6528756 0.9701718 0.6028101 1.5810436 1.7049905 1.1006673
[28] 3.2611365 2.0565487 3.0833731 0.8103841 3.6608273 2.1331410 1.5102351 1.4127506 1.9035591
[37] 1.9473665 1.3024481 1.7721140 4.8609865 3.6227314 1.2418824 1.7705746 2.5946839 2.1929834
[46] 1.6771575 0.8087647 1.1625468 1.0518702 2.1623293

$Nboots
 [1] 58.96055 59.80187 49.34555 42.28883 30.25291 27.79765 37.51567 25.42824 22.64676 55.59530
[11] 43.98862 23.41939 26.88766 14.16496 39.42150 17.70190 33.20609 42.09996 67.47670 58.70301
[21] 37.94491 26.45842 18.76642 11.55517 25.30805 34.06457 19.52188 51.83515 40.91526 49.39706
[31] 17.71907 64.76389 48.77896 26.35540 24.70712 24.74146 35.06041 24.22637 32.26176 76.85132
[41] 58.78886 23.62543 30.02971 52.43609 39.33565 32.21025 18.30284 24.17486 18.68057 36.89756

$julians
[1] 623 735 839 897 988

$intdays
[1] 112 104  58  91

$Pintsampest
[1] 1.105713 2.846893 1.274988 1.748633

$Pintboots
           [,1]      [,2]      [,3]       [,4]
 [1,] 1.6907767 6.3749145 2.9541242 0.80958736
 [2,] 1.2889007 6.0059039 3.0367444 1.46525062
 [3,] 0.9067489 2.8877415 1.4891363 4.13545085
 [4,] 0.8658008 2.8496768 1.2749884 3.01161912
 [5,] 0.9910568 2.5907392 1.0133759 1.46525062
 [6,] 1.3751694 1.4645186 0.3205004 2.72823702
 [7,] 1.7158329 3.0088448 0.9839320 1.33579261
 [8,] 1.6212054 1.8998511 0.6172686 1.70807378
 [9,] 1.2024268 1.3307949 0.3793884 0.61296079
[10,] 1.1750560 5.7211628 2.7162440 0.56676420
[11,] 0.7283354 2.6372320 1.2455444 3.99686108
[12,] 1.3825037 0.9034261 0.2241284 1.50580956
[13,] 0.9543766 3.3045113 1.5954888 0.04619659
[14,] 0.5726266 0.9160830 0.3499444 0.67663524
[15,] 0.8531834 4.0428384 2.0742164 0.63607630
[16,] 0.5436010 0.5682205 0.3262121 1.90470035
[17,] 1.1215003 2.7134058 1.2218122 1.31482064
[18,] 0.8027632 4.5659857 2.2532086 0.87326181
[19,] 1.3707148 6.3267287 2.9835682 2.11877035
[20,] 1.3305931 6.4142060 3.1625604 1.26862405
[21,] 0.9000089 2.4831183 1.2455444 1.78919166
[22,] 1.1997897 1.6466367 0.5289366 2.44485493
[23,] 0.9390012 1.3426268 0.5878246 0.48000867
[24,] 0.5529781 0.9004989 0.3793884 0.24282316
[25,] 1.4997061 1.4073548 0.2241284 2.64148149
[26,] 0.8074638 2.7708897 1.3870526 0.61296079
[27,] 0.2558073 0.6714644 0.3499444 2.44485493
[28,] 1.1057134 5.3484385 2.6406371 1.50580956
[29,] 0.7688302 2.0169030 1.0959961 2.97106018
[30,] 1.8623453 4.9309858 2.0879682 1.51144721
[31,] 1.0622034 0.9495097 0.2378802 0.72283183
[32,] 1.2738330 4.5607943 2.1568366 4.19348765
[33,] 1.8287274 2.8289275 1.0133759 1.79268577
[34,] 0.8336300 0.9376079 0.4914526 2.93050124
[35,] 0.8889081 2.2025917 1.0722639 0.53184291
[36,] 2.1133698 2.5738732 0.5878246 1.66187719
[37,] 1.3272019 2.6761937 1.1334802 1.50580956
[38,] 0.7531768 2.3015173 1.1548841 0.04619659
[39,] 0.6194521 2.1944221 1.1334802 1.89906270
[40,] 1.0646673 7.9708958 4.1113367 2.44485493
[41,] 0.9964806 5.9311537 3.0661884 1.66187719
[42,] 1.5003366 1.8585032 0.5208965 0.61296079
[43,] 1.6143778 3.1283280 1.2749884 0.04619659
[44,] 0.6700184 3.8226216 2.0447724 1.83538825
[45,] 1.5537685 3.0975246 1.2906805 1.55200615
[46,] 1.1613807 2.6683003 1.1040362 0.76339077
[47,] 0.6389958 1.0785794 0.3262121 0.80958736
[48,] 0.7331896 0.9196916 0.2673242 2.18244480
[49,] 1.2522516 1.5460012 0.4620086 0.52620526
[50,] 1.1002105 2.3198890 1.0133759 2.93050124

$Bdatesampinfo
       DATE JULIAN N      Mean     Stdev
1 9/15/2007    623 5 0.8402141 1.0462551
2  1/5/2008    735 8 1.2474241 1.8800600
3 4/18/2008    839 7 4.5411088 8.3178722
4 6/15/2008    897 7 0.1073493 0.2840196
5 9/14/2008    988 7 3.9560350 7.2722281

$Ndatesampinfo
       DATE JULIAN N      Mean      Stdev
1 9/15/2007    623 5 30.768000  34.933030
2  1/5/2008    735 8 21.633750  21.652819
3 4/18/2008    839 7 65.931429 133.163246
4 6/15/2008    897 7  2.747143   7.268257
5 9/14/2008    988 7 79.667143 137.072977

$Bdateboots
           [,1]      [,2]       [,3]      [,4]      [,5]
 [1,] 0.8933151 2.2989497 10.6630411 0.1073493 1.7739288
 [2,] 1.1860802 1.2474241 10.9642647 0.1073493 3.2975260
 [3,] 0.8402141 0.8717699  4.9998192 0.4293972 9.1803543
 [4,] 0.4889373 1.1457348  4.6484581 0.0000000 6.9982482
 [5,] 0.1907616 1.6803996  3.5873005 0.1073493 3.2975260
 [6,] 0.7871130 1.8092706  1.1685069 0.0000000 6.3397392
 [7,] 0.4943480 2.7452243  3.3726019 0.2146986 2.8893487
 [8,] 1.2337706 1.8271404  2.0357902 0.2146986 3.7544369
 [9,] 0.8402141 1.4300235  1.2758562 0.1073493 1.3170180
[10,] 0.4889373 1.7296230  9.9031072 0.0000000 1.3170180
[11,] 0.4466576 0.9284735  4.4337595 0.1073493 9.1803543
[12,] 1.5904580 1.0197732  0.8171458 0.0000000 3.4991241
[13,] 0.7925237 1.0093836  5.7096157 0.1073493 0.0000000
[14,] 0.4943480 0.5867976  1.2758562 0.0000000 1.5723307
[15,] 0.8456247 0.7652252  7.4550003 0.1073493 1.3707326
[16,] 0.8456247 0.1807192  0.9746326 0.2146986 4.2113477
[17,] 0.8402141 1.2772306  4.2398852 0.2146986 2.8406151
[18,] 0.4466576 1.0689966  8.2149343 0.0000000 2.0292416
[19,] 0.4943480 2.0936251 10.7703904 0.1073493 4.8161421
[20,] 0.8933151 1.6189064 11.4229751 0.1073493 2.8406151
[21,] 1.1914908 0.5077677  4.5411088 0.0000000 4.1576331
[22,] 0.8456247 1.4196339  1.9284409 0.0000000 5.6812302
[23,] 1.1860802 0.5867976  2.1431395 0.0000000 1.1154199
[24,] 0.4889373 0.5551109  1.2758562 0.1073493 0.4569109
[25,] 0.7871130 2.0444017  0.8171458 0.0000000 6.1381411
[26,] 0.8402141 0.6843151  4.9496817 0.1073493 1.3170180
[27,] 0.3935565 0.0894195  1.2758562 0.0000000 5.6812302
[28,] 0.8402141 1.2474241  9.6274530 0.0000000 3.4991241
[29,] 1.2391812 0.2124059  3.8885241 0.1073493 6.7966501
[30,] 0.8879045 2.6282899  7.3977885 0.2146986 3.2975260
[31,] 0.8348034 1.1706859  0.7599340 0.1073493 1.5723307
[32,] 0.8879045 1.5171513  7.7562239 0.1073493 9.6372652
[33,] 1.1806695 2.2720526  3.4799512 0.2146986 3.9510539
[34,] 1.2445919 0.3293402  1.5770798 0.2146986 6.5950520
[35,] 0.7871130 0.8911868  3.5873005 0.3220479 0.9138218
[36,] 0.7925237 3.1976167  2.0357902 0.1073493 3.7544369
[37,] 1.1969015 1.3089173  4.1325359 0.0000000 3.4991241
[38,] 0.8456247 0.5764080  4.1032227 0.1073493 0.0000000
[39,] 0.8402141 0.3293402  4.1325359 0.0000000 4.4129458
[40,] 0.7925237 1.2176176 14.9894513 0.0000000 5.6812302
[41,] 0.8933151 0.9880865 11.0716140 0.1073493 3.7544369
[42,] 0.8456247 1.9870804  1.7917784 0.1073493 1.3170180
[43,] 1.2283599 1.8196602  4.5411088 0.1073493 0.0000000
[44,] 0.8402141 0.4248118  7.3476510 0.1073493 4.1576331
[45,] 1.2337706 1.6998165  4.5983206 0.1073493 3.4991241
[46,] 0.7925237 1.4002170  4.0251866 0.0000000 1.7739288
[47,] 0.0953808 1.1110729  1.0819819 0.1073493 1.7739288
[48,] 0.4889373 0.8953587  0.9746326 0.0000000 5.0714548
[49,] 0.7979343 1.5663747  1.5770798 0.1073493 1.1154199
[50,] 0.8402141 1.2370345  3.4799512 0.2146986 6.5950520

$Ndateboots
        [,1]     [,2]       [,3]      [,4]       [,5]
 [1,] 30.768 24.03750 164.828571  2.747143  57.690000
 [2,] 42.306 21.63375 167.575714  2.747143  52.195714
 [3,] 30.768 14.42250  68.678571 10.988571 175.817143
 [4,] 23.076 12.01875  68.678571  0.000000 153.840000
 [5,] 15.384 24.03750  60.437143  2.747143  52.195714
 [6,] 30.768 21.63375  10.988571  0.000000 126.368571
 [7,] 19.230 36.05625  54.942857  5.494286  87.908571
 [8,] 46.152 26.44125  19.230000  5.494286  54.942857
 [9,] 30.768 31.24875  13.735714  2.747143  54.942857
[10,] 23.076 24.03750 159.334286  0.000000  54.942857
[11,] 15.384 14.42250  63.184286  2.747143 175.817143
[12,] 49.998 19.23000  10.988571  0.000000  76.920000
[13,] 26.922 14.42250  76.920000  2.747143   0.000000
[14,] 19.230 16.82625  13.735714  0.000000  32.965714
[15,] 26.922 19.23000 118.127143  2.747143   8.241429
[16,] 26.922 12.01875  10.988571  5.494286  57.690000
[17,] 30.768 24.03750  63.184286  5.494286  49.448571
[18,] 15.384 19.23000 123.621429  0.000000  35.712857
[19,] 19.230 24.03750 167.575714  2.747143 131.862857
[20,] 30.768 21.63375 170.322857  2.747143  49.448571
[21,] 38.460 14.42250  65.931429  0.000000 104.391429
[22,] 26.922 26.44125  16.482857  0.000000  98.897143
[23,] 42.306 16.82625  21.977143  0.000000  30.218571
[24,] 23.076 16.82625  13.735714  2.747143   2.747143
[25,] 30.768 24.03750  10.988571  0.000000 101.644286
[26,] 30.768 19.23000  71.425714  2.747143  54.942857
[27,] 15.384  7.21125  13.735714  0.000000  98.897143
[28,] 30.768 21.63375 131.862857  0.000000  76.920000
[29,] 42.306 12.01875  63.184286  2.747143 129.115714
[30,] 34.614 36.05625 112.632857  5.494286  52.195714
[31,] 34.614 28.84500   5.494286  2.747143  32.965714
[32,] 34.614 28.84500 120.874286  2.747143 178.564286
[33,] 46.152 26.44125  57.690000  5.494286 164.828571
[34,] 38.460 12.01875  16.482857  5.494286 104.391429
[35,] 30.768 12.01875  60.437143  8.241429   5.494286
[36,] 26.922 36.05625  19.230000  2.747143  54.942857
[37,] 34.614 24.03750  60.437143  0.000000  76.920000
[38,] 26.922 12.01875  68.678571  2.747143   0.000000
[39,] 30.768 12.01875  60.437143  0.000000  82.414286
[40,] 26.922 19.23000 225.265714  0.000000  98.897143
[41,] 30.768 19.23000 170.322857  2.747143  54.942857
[42,] 26.922 28.84500  21.977143  2.747143  54.942857
[43,] 49.998 26.44125  65.931429  2.747143   0.000000
[44,] 30.768 24.03750 115.380000  2.747143 104.391429
[45,] 46.152 21.63375  71.425714  2.747143  76.920000
[46,] 26.922 28.84500  57.690000  0.000000  57.690000
[47,]  7.692 24.03750  13.735714  2.747143  57.690000
[48,] 23.076 19.23000  10.988571  0.000000 109.885714
[49,] 23.076 28.84500  16.482857  2.747143  30.218571
[50,] 30.768 16.82625  57.690000  5.494286 104.391429

