$totdays
[1] 365

$Psampest
[1] 337.8382

$Pbootest
    Mean     2.5%      50%    97.5% 
333.7097 202.4521 332.4295 548.1286 

$Pboots
 [1] 438.6802 214.5182 351.8463 435.2654 558.9256 386.7685 254.9482 247.9287 259.7326 273.5194
[11] 312.4168 438.8851 249.9595 393.7178 354.8922 366.0636 199.3275 248.0309 330.1076 344.1588
[21] 358.5972 346.9244 364.2722 280.6067 259.0439 439.7883 267.8873 510.9389 373.7971 352.6385
[31] 213.2144 334.7514 278.9622 217.6399 475.5581 259.3036 316.6324 279.8990 339.9598 242.3818
[41] 395.7938 581.0248 320.3630 300.2910 366.2375 317.5991 363.9267 382.9822 326.7850 157.9903

$Bboots
 [1] 132.56516  56.41223  99.44173 127.13573 163.76519 102.00835  72.80632  78.61713  80.93670
[10]  70.83752  75.92089 119.57196  70.02822 103.71661 117.64031  92.36734  49.63581  76.07855
[19] 101.94251 114.71580 121.22347  88.60852 106.05233  69.31493  84.95635 125.23709  66.17124
[28] 166.17702 105.89176  91.73376  66.64297  92.45328  88.39648  63.07975 132.91768  67.18900
[37]  87.39029  75.00569 103.81945  63.55348 101.55283 166.87644  86.85036  79.84454 111.53884
[46]  97.34382 101.42592 110.32200  84.28484  39.49112

$Nboots
 [1] 153.71917  91.34917 139.22875 169.28875 216.71792 166.76792 113.03875 122.93792 106.10917
[10] 116.99875 141.38792 165.05875  94.95000 156.68833 125.36958 145.97875  92.87875 103.31917
[19] 134.00875 137.15833 135.71875 143.27792 138.59917 125.81792 102.95958 174.77792 107.54917
[28] 189.62875 152.09875 132.11958  90.08875 128.96958 106.28958  96.83917 176.39833  97.01917
[37] 119.51958 105.66000 134.18833 103.76875 154.97875 236.24708 134.45792 139.67792 140.75917
[46] 125.99917 129.15000 141.56958 143.45750  70.65000

$julians
[1] 623 735 839 897 988

$intdays
[1] 112 104  58  91

$Pintsampest
[1] 125.82593  88.61849  33.81093  89.58288

$Pintboots
           [,1]      [,2]     [,3]      [,4]
 [1,] 220.06712 123.33557 39.05592  56.22155
 [2,]  51.67204  43.56107 29.70225  89.58288
 [3,] 128.19204  90.81560 33.81093  99.02771
 [4,] 168.78142 128.50574 43.16460  94.81362
 [5,] 229.45813 177.95737 28.56594 122.94420
 [6,] 125.82593  95.98577 37.47671 127.48007
 [7,]  95.85941  39.57569 29.93025  89.58288
 [8,]  62.78311  30.01131 26.26447 128.86983
 [9,] 114.06881  39.57569 39.72681  66.36127
[10,]  98.22552  56.09852 38.36249  80.83292
[11,]  80.50432  46.12532 42.93660 142.85053
[12,] 186.50263 145.02857 32.44661  74.90729
[13,]  92.26143  88.61849 24.01437  45.06518
[14,] 159.39042 102.94422 41.80028  89.58288
[15,] 171.14753 116.37712 25.82158  41.54597
[16,] 141.18102 102.94422 41.80028  80.13804
[17,]  65.14922  46.53414 23.57148  64.07270
[18,]  79.27245  83.85715 20.13370  64.76758
[19,] 125.82593  74.29277 35.17525  94.81362
[20,] 174.74551  67.33432 21.94091  80.13804
[21,] 205.94390  65.13721 31.29457  56.22155
[22,] 162.98840  60.85987 42.24317  80.83292
[23,] 122.22795 137.66130 28.78083  75.60217
[24,]  98.22552  41.36397 19.46281 121.55444
[25,] 108.10472  79.46294 29.93025  41.54597
[26,] 205.94390  86.42139 43.16460 104.25846
[27,]  92.26143  88.20967 23.34348  64.07270
[28,] 214.10303 156.26437 35.61814 104.95334
[29,] 138.81491  86.42139 43.60749 104.95334
[30,] 141.18102 102.94422 51.59683  56.91643
[31,]  85.23654  36.60262 16.46791  74.90729
[32,] 125.82593  95.98577 47.27327  65.66639
[33,] 125.82593  81.66004 29.93025  41.54597
[34,]  64.66102  41.77279 30.37314  80.83292
[35,] 220.06712 137.66130 37.69160  80.13804
[36,] 134.15612  50.92835 33.36804  40.85109
[37,] 141.18102  95.98577 37.91960  41.54597
[38,] 107.61652  88.61849 33.36804  50.29593
[39,] 161.75653  83.85715 20.13370  74.21242
[40,]  82.87043  41.36397 29.25936  88.88800
[41,] 143.54713 105.14132 51.59683  95.50850
[42,] 214.10303 177.95737 28.12304 160.84139
[43,] 162.98840  53.90142 28.56594  74.90729
[44,]  67.51533  56.09852 38.36249 138.31466
[45,] 172.37940  79.46294 39.28392  75.11122
[46,] 109.98263  76.48987 35.61814  95.50850
[47,] 137.58304 137.66130 37.69160  50.99081
[48,] 168.78142 135.87302 37.47671  40.85109
[49,] 131.79001  48.73124 24.01437 122.24932
[50,]  44.57371  44.33704 24.01437  45.06518

$Bdatesampinfo
       DATE JULIAN N      Mean     Stdev
1 9/15/2007    623 3 131.13300 176.93349
2  1/5/2008    735 3 132.38939 202.31114
3 4/18/2008    839 3  69.75580  26.06556
4 6/15/2008    897 3  55.16629  50.09678
5 9/14/2008    988 3 121.91480 144.89186

$Ndatesampinfo
       DATE JULIAN N     Mean     Stdev
1 9/15/2007    623 3 161.2767 194.99751
2  1/5/2008    735 3 155.5200 179.69590
3 4/18/2008    839 3  90.7200  54.51594
4 6/15/2008    897 3  85.6800  69.83629
5 9/14/2008    988 3 267.1133 360.76243

$Bdateboots
           [,1]      [,2]    [,3]      [,4]      [,5]
 [1,] 241.92555 250.94753 68.1730 75.247216  29.86026
 [2,]  40.68090  21.01180 68.1730 55.166293 121.91480
 [3,] 131.13300 135.97967 69.7558 55.166293 142.59732
 [4,] 131.13300 247.35726 69.7558 75.247216 101.23227
 [5,] 151.47345 365.91540 71.3386 35.085369 213.96933
 [6,] 131.13300 132.38939 71.3386 42.095504 193.28680
 [7,] 151.47345  13.83125 85.5336 55.166293 121.91480
 [8,] 110.79255  10.24097 83.9508 68.237081 193.28680
 [9,] 221.58510  13.83125 85.5336 88.318005  50.54279
[10,] 151.47345  17.42153 71.3386 68.237081 101.23227
[11,] 131.13300  13.83125 52.3952 75.247216 193.28680
[12,] 151.47345 250.94753 55.5608 35.085369 121.91480
[13,]  40.68090 132.38939 69.7558 22.014580  71.22532
[14,] 221.58510 132.38939 55.5608 55.166293 121.91480
[15,] 131.13300 250.94753 83.9508 55.166293  29.86026
[16,] 151.47345 132.38939 55.5608 55.166293 101.23227
[17,] 110.79255  13.83125 69.7558  8.943792 101.23227
[18,]  20.34045 135.97967 85.5336 22.014580 101.23227
[19,] 131.13300 132.38939 83.9508 75.247216 101.23227
[20,] 241.92555 132.38939 99.7286 55.166293 101.23227
[21,] 332.37765 128.79912 99.7286 75.247216  29.86026
[22,] 332.37765  13.83125 55.5608 68.237081 101.23227
[23,]  20.34045 250.94753 53.9780 48.156158 121.91480
[24,] 151.47345  17.42153 68.1730  8.943792 213.96933
[25,] 110.79255 128.79912 85.5336 55.166293  29.86026
[26,] 332.37765 128.79912 69.7558 75.247216 121.91480
[27,]  40.68090 132.38939 52.3952  8.943792 101.23227
[28,] 131.13300 365.91540 83.9508 88.318005 121.91480
[29,] 151.47345 128.79912 69.7558 88.318005 121.91480
[30,] 151.47345 132.38939 55.5608 88.318005  29.86026
[31,] 131.13300  21.01180 83.9508 35.085369 121.91480
[32,] 131.13300 132.38939 71.3386 75.247216  50.54279
[33,] 131.13300 132.38939 85.5336 55.166293  29.86026
[34,]  61.02135  17.42153 85.5336 68.237081 101.23227
[35,] 241.92555 250.94753 53.9780 55.166293 101.23227
[36,] 241.92555  21.01180 69.7558 42.095504  29.86026
[37,] 151.47345 132.38939 71.3386 55.166293  29.86026
[38,]  61.02135 132.38939 69.7558 42.095504  50.54279
[39,] 221.58510 135.97967 85.5336 22.014580 121.91480
[40,] 131.13300  17.42153 68.1730 42.095504 121.91480
[41,] 151.47345 135.97967 55.5608 88.318005 101.23227
[42,] 131.13300 365.91540 71.3386 22.014580 285.34133
[43,] 332.37765  13.83125 71.3386 35.085369 121.91480
[44,] 110.79255  17.42153 71.3386 68.237081 213.96933
[45,] 241.92555 128.79912 85.5336 75.247216  71.22532
[46,]  61.02135 135.97967 83.9508 88.318005 101.23227
[47,]  40.68090 250.94753 53.9780 55.166293  50.54279
[48,] 131.13300 247.35726 71.3386 42.095504  29.86026
[49,] 241.92555  17.42153 69.7558 22.014580 213.96933
[50,]  40.68090  10.24097 69.7558 22.014580  71.22532

$Ndateboots
          [,1]   [,2]   [,3]   [,4]     [,5]
 [1,] 287.2733 257.04  65.52 126.00  45.3600
 [2,]  70.5600  45.36  65.52  85.68 267.1133
 [3,] 161.2767 151.20  90.72  85.68 297.3533
 [4,] 161.2767 261.36  90.72 126.00 236.8733
 [5,] 196.5567 362.88 115.92  45.36 488.8667
 [6,] 161.2767 155.52 115.92  85.68 458.6267
 [7,] 196.5567  54.00  80.64  85.68 267.1133
 [8,] 125.9967  58.32  55.44  85.68 458.6267
 [9,] 251.9933  54.00  80.64 126.00  75.6000
[10,] 196.5567  49.68 115.92  85.68 236.8733
[11,] 161.2767  54.00  75.60 126.00 458.6267
[12,] 196.5567 257.04 126.00  45.36 267.1133
[13,]  70.5600 155.52  90.72  45.36 105.8400
[14,] 251.9933 155.52 126.00  85.68 267.1133
[15,] 161.2767 257.04  55.44  85.68  45.3600
[16,] 196.5567 155.52 126.00  85.68 236.8733
[17,] 125.9967  54.00  90.72  45.36 236.8733
[18,]  35.2800 151.20  80.64  45.36 236.8733
[19,] 161.2767 155.52  55.44 126.00 236.8733
[20,] 287.2733 155.52  45.36  85.68 236.8733
[21,] 377.9900 159.84  45.36 126.00  45.3600
[22,] 377.9900  54.00 126.00  85.68 236.8733
[23,]  35.2800 257.04 100.80  45.36 267.1133
[24,] 196.5567  49.68  65.52  45.36 488.8667
[25,] 125.9967 159.84  80.64  85.68  45.3600
[26,] 377.9900 159.84  90.72 126.00 267.1133
[27,]  70.5600 155.52  75.60  45.36 236.8733
[28,] 161.2767 362.88  55.44 126.00 267.1133
[29,] 196.5567 159.84  90.72 126.00 267.1133
[30,] 196.5567 155.52 126.00 126.00  45.3600
[31,] 161.2767  45.36  55.44  45.36 267.1133
[32,] 161.2767 155.52 115.92 126.00  75.6000
[33,] 161.2767 155.52  80.64  85.68  45.3600
[34,] 105.8400  49.68  80.64  85.68 236.8733
[35,] 287.2733 257.04 100.80  85.68 236.8733
[36,] 287.2733  45.36  90.72  85.68  45.3600
[37,] 196.5567 155.52 115.92  85.68  45.3600
[38,] 105.8400 155.52  90.72  85.68  75.6000
[39,] 251.9933 151.20  80.64  45.36 267.1133
[40,] 161.2767  49.68  65.52  85.68 267.1133
[41,] 196.5567 151.20 126.00 126.00 236.8733
[42,] 161.2767 362.88 115.92  45.36 680.3800
[43,] 377.9900  54.00 115.92  45.36 267.1133
[44,] 125.9967  49.68 115.92  85.68 488.8667
[45,] 287.2733 159.84  80.64 126.00 105.8400
[46,] 105.8400 151.20  55.44 126.00 236.8733
[47,]  70.5600 257.04 100.80  85.68  75.6000
[48,] 161.2767 261.36 115.92  85.68  45.3600
[49,] 287.2733  49.68  90.72  45.36 488.8667
[50,]  70.5600  58.32  90.72  45.36 105.8400

