$totdays
[1] 365

$pb
[1] 10

$Psampest
[1] 0.01802005

$Pbootest
      Mean       2.5%        50%      97.5% 
0.01874086 0.00000000 0.01802005 0.05406016 

$Pboots
 [1] 0.01802005 0.03604011 0.01802005 0.01802005 0.01802005 0.01802005 0.00000000 0.00000000
 [9] 0.00000000 0.00000000 0.03604011 0.01802005 0.01802005 0.00000000 0.03604011 0.00000000
[17] 0.00000000 0.01802005 0.01802005 0.00000000 0.00000000 0.05406016 0.03604011 0.05406016
[25] 0.03604011 0.01802005 0.01802005 0.00000000 0.03604011 0.00000000 0.00000000 0.01802005
[33] 0.03604011 0.01802005 0.00000000 0.00000000 0.01802005 0.01802005 0.09010027 0.01802005
[41] 0.03604011 0.05406016 0.00000000 0.01802005 0.01802005 0.00000000 0.00000000 0.01802005
[49] 0.03604011 0.01802005

$Bboots
 [1] 0.001802005 0.003604011 0.001802005 0.001802005 0.001802005 0.001802005 0.000000000
 [8] 0.000000000 0.000000000 0.000000000 0.003604011 0.001802005 0.001802005 0.000000000
[15] 0.003604011 0.000000000 0.000000000 0.001802005 0.001802005 0.000000000 0.000000000
[22] 0.005406016 0.003604011 0.005406016 0.003604011 0.001802005 0.001802005 0.000000000
[29] 0.003604011 0.000000000 0.000000000 0.001802005 0.003604011 0.001802005 0.000000000
[36] 0.000000000 0.001802005 0.001802005 0.009010027 0.001802005 0.003604011 0.005406016
[43] 0.000000000 0.001802005 0.001802005 0.000000000 0.000000000 0.001802005 0.003604011
[50] 0.001802005

$Nboots
 [1] 0.7733929 1.5467857 0.7733929 0.7733929 0.7733929 0.7733929 0.0000000 0.0000000 0.0000000
[10] 0.0000000 1.5467857 0.7733929 0.7733929 0.0000000 1.5467857 0.0000000 0.0000000 0.7733929
[19] 0.7733929 0.0000000 0.0000000 2.3201786 1.5467857 2.3201786 1.5467857 0.7733929 0.7733929
[28] 0.0000000 1.5467857 0.0000000 0.0000000 0.7733929 1.5467857 0.7733929 0.0000000 0.0000000
[37] 0.7733929 0.7733929 3.8669643 0.7733929 1.5467857 2.3201786 0.0000000 0.7733929 0.7733929
[46] 0.0000000 0.0000000 0.7733929 1.5467857 0.7733929

$julians
[1] 623 735 839 897 988

$intdays
[1] 112 104  58  91

$Bdatesampinfo
       DATE JULIAN N       Mean      Stdev
1 9/15/2007    623 7 0.00000000 0.00000000
2  1/5/2008    735 7 0.00000000 0.00000000
3 4/18/2008    839 7 0.00000000 0.00000000
4 6/15/2008    897 7 0.00000000 0.00000000
5 9/14/2008    988 7 0.01441604 0.03814126

$Ndatesampinfo
       DATE JULIAN N     Mean    Stdev
1 9/15/2007    623 7 0.000000  0.00000
2  1/5/2008    735 7 0.000000  0.00000
3 4/18/2008    839 7 0.000000  0.00000
4 6/15/2008    897 7 0.000000  0.00000
5 9/14/2008    988 7 6.187143 16.36964

$Bdateboots
      [,1] [,2] [,3] [,4]       [,5]
 [1,]    0    0    0    0 0.01441604
 [2,]    0    0    0    0 0.02883209
 [3,]    0    0    0    0 0.01441604
 [4,]    0    0    0    0 0.01441604
 [5,]    0    0    0    0 0.01441604
 [6,]    0    0    0    0 0.01441604
 [7,]    0    0    0    0 0.00000000
 [8,]    0    0    0    0 0.00000000
 [9,]    0    0    0    0 0.00000000
[10,]    0    0    0    0 0.00000000
[11,]    0    0    0    0 0.02883209
[12,]    0    0    0    0 0.01441604
[13,]    0    0    0    0 0.01441604
[14,]    0    0    0    0 0.00000000
[15,]    0    0    0    0 0.02883209
[16,]    0    0    0    0 0.00000000
[17,]    0    0    0    0 0.00000000
[18,]    0    0    0    0 0.01441604
[19,]    0    0    0    0 0.01441604
[20,]    0    0    0    0 0.00000000
[21,]    0    0    0    0 0.00000000
[22,]    0    0    0    0 0.04324813
[23,]    0    0    0    0 0.02883209
[24,]    0    0    0    0 0.04324813
[25,]    0    0    0    0 0.02883209
[26,]    0    0    0    0 0.01441604
[27,]    0    0    0    0 0.01441604
[28,]    0    0    0    0 0.00000000
[29,]    0    0    0    0 0.02883209
[30,]    0    0    0    0 0.00000000
[31,]    0    0    0    0 0.00000000
[32,]    0    0    0    0 0.01441604
[33,]    0    0    0    0 0.02883209
[34,]    0    0    0    0 0.01441604
[35,]    0    0    0    0 0.00000000
[36,]    0    0    0    0 0.00000000
[37,]    0    0    0    0 0.01441604
[38,]    0    0    0    0 0.01441604
[39,]    0    0    0    0 0.07208021
[40,]    0    0    0    0 0.01441604
[41,]    0    0    0    0 0.02883209
[42,]    0    0    0    0 0.04324813
[43,]    0    0    0    0 0.00000000
[44,]    0    0    0    0 0.01441604
[45,]    0    0    0    0 0.01441604
[46,]    0    0    0    0 0.00000000
[47,]    0    0    0    0 0.00000000
[48,]    0    0    0    0 0.01441604
[49,]    0    0    0    0 0.02883209
[50,]    0    0    0    0 0.01441604

$Ndateboots
      [,1] [,2] [,3] [,4]      [,5]
 [1,]    0    0    0    0  6.187143
 [2,]    0    0    0    0 12.374286
 [3,]    0    0    0    0  6.187143
 [4,]    0    0    0    0  6.187143
 [5,]    0    0    0    0  6.187143
 [6,]    0    0    0    0  6.187143
 [7,]    0    0    0    0  0.000000
 [8,]    0    0    0    0  0.000000
 [9,]    0    0    0    0  0.000000
[10,]    0    0    0    0  0.000000
[11,]    0    0    0    0 12.374286
[12,]    0    0    0    0  6.187143
[13,]    0    0    0    0  6.187143
[14,]    0    0    0    0  0.000000
[15,]    0    0    0    0 12.374286
[16,]    0    0    0    0  0.000000
[17,]    0    0    0    0  0.000000
[18,]    0    0    0    0  6.187143
[19,]    0    0    0    0  6.187143
[20,]    0    0    0    0  0.000000
[21,]    0    0    0    0  0.000000
[22,]    0    0    0    0 18.561429
[23,]    0    0    0    0 12.374286
[24,]    0    0    0    0 18.561429
[25,]    0    0    0    0 12.374286
[26,]    0    0    0    0  6.187143
[27,]    0    0    0    0  6.187143
[28,]    0    0    0    0  0.000000
[29,]    0    0    0    0 12.374286
[30,]    0    0    0    0  0.000000
[31,]    0    0    0    0  0.000000
[32,]    0    0    0    0  6.187143
[33,]    0    0    0    0 12.374286
[34,]    0    0    0    0  6.187143
[35,]    0    0    0    0  0.000000
[36,]    0    0    0    0  0.000000
[37,]    0    0    0    0  6.187143
[38,]    0    0    0    0  6.187143
[39,]    0    0    0    0 30.935714
[40,]    0    0    0    0  6.187143
[41,]    0    0    0    0 12.374286
[42,]    0    0    0    0 18.561429
[43,]    0    0    0    0  0.000000
[44,]    0    0    0    0  6.187143
[45,]    0    0    0    0  6.187143
[46,]    0    0    0    0  0.000000
[47,]    0    0    0    0  0.000000
[48,]    0    0    0    0  6.187143
[49,]    0    0    0    0 12.374286
[50,]    0    0    0    0  6.187143

