$totdays
[1] 365

$Psampest
[1] 171.134

$Pbootest
    Mean     2.5%      50%    97.5% 
171.9287 124.4917 172.3503 237.7199 

$Pboots
 [1] 198.5311 131.2186 139.3062 179.1924 244.6084 168.9956 177.3443 172.9999 207.0891 182.0568
[11] 166.5188 162.8520 192.0403 176.5471 151.1209 192.5043 166.5848 132.6704 183.6717 164.5818
[21] 148.6082 158.0710 130.0318 172.0647 174.8410 200.0040 120.6011 126.4301 160.5509 188.1168
[31] 243.6272 146.2411 198.1343 164.6329 194.7069 123.9289 157.6932 187.0283 160.5134 217.3722
[41] 165.7364 172.6358 178.0446 155.1682 180.0606 157.9872 195.3972 174.7512 154.3958 198.6252

$Bboots
 [1] 17.717892 11.143019 11.725283 16.727484 22.361854 16.875285 15.704948 15.909761 17.903552
[10] 17.391855 14.549754 16.990412 17.328882 17.597228 15.131778 17.696667 14.773480 11.251507
[19] 16.638717 14.769790 15.407330 12.553479 11.402056 14.799501 16.969951 20.399007  9.826712
[28]  9.774565 15.154582 15.534833 20.697960 13.347773 18.215368 12.656434 16.647322 11.258973
[37] 13.404474 17.891991 12.323349 20.548277 16.052316 16.431615 16.937724 13.051589 17.657254
[46] 14.274554 19.290454 15.978443 14.969532 18.634284

$Nboots
 [1] 1436.2987  735.1750  753.4442 1216.2308 1573.4508 1142.6750 1297.0775 1161.4237 1402.1004
[10] 1133.6750 1386.5617 1030.3608 1312.7958 1157.0133  897.2571 1416.7704 1259.2792  737.6967
[19] 1231.9804 1211.2204  943.4254 1344.9854  890.3587 1052.2592 1145.6746 1257.9571  853.1896
[28] 1009.0029  935.0550 1332.8046 1730.5233  975.4021 1362.4121 1357.5842 1501.2162  721.3175
[37] 1251.0900 1052.8579 1371.4429 1484.1467 1221.4508 1312.8267 1119.1862 1161.4537 1276.8879
[46] 1084.5679 1343.0333 1167.0925 1133.8863 1372.0129

$julians
[1] 623 735 839 897 988

$intdays
[1] 112 104  58  91

$Pintsampest
[1] 58.81067 42.71467 16.49288 53.11575

$Pintboots
          [,1]     [,2]      [,3]      [,4]
 [1,] 66.44313 50.31977 24.355630  57.41259
 [2,] 36.13724 26.20645 18.089757  50.78511
 [3,] 36.13724 27.13862 24.355630  51.67472
 [4,] 66.47426 42.93982 16.662601  53.11575
 [5,] 68.37556 44.43834 35.601577  96.19291
 [6,] 56.62317 49.89411  7.921545  54.55679
 [7,] 58.77955 51.25195 14.896006  52.41676
 [8,] 58.81067 43.87199 17.201469  53.11575
 [9,] 59.06575 43.28101 27.030241  77.71207
[10,] 49.24578 43.30565 18.798344  70.70699
[11,] 76.00803 49.95394  8.630133  31.92667
[12,] 67.86542 43.08049  6.494389  45.41168
[13,] 56.87824 50.68560 24.355630  60.12084
[14,] 69.76673 42.71467 14.357138  49.70852
[15,] 52.82445 35.10956  8.630133  54.55679
[16,] 66.44313 50.54493 16.662601  58.85363
[17,] 58.77955 51.47710 15.065726  41.26240
[18,] 34.49100 26.20645 13.818271  58.15464
[19,] 57.16444 42.71467 16.492881  67.29975
[20,] 60.71198 41.41666 10.227008  52.22615
[21,] 60.20184 44.23782  7.202977  36.96556
[22,] 65.05197 49.72879  6.324669  36.96556
[23,] 51.43328 34.96888  6.664110  36.96556
[24,] 43.76970 36.83323 25.603085  65.85872
[25,] 60.45691 43.87199 15.065726  55.44640
[26,] 67.57923 50.82628 24.185910  57.41259
[27,] 51.43328 34.51857  8.460412  26.18880
[28,] 42.09234 41.41666  5.955522  36.96556
[29,] 43.51463 33.95223 15.784293  67.29975
[30,] 57.41951 41.19151 23.647042  65.85872
[31,] 57.38839 49.95394 34.354122 101.93079
[32,] 53.07952 33.58640 10.057288  49.51791
[33,] 60.71198 42.34884 18.628624  76.44487
[34,] 57.38839 51.11127 17.201469  38.93176
[35,] 66.69821 49.95394 16.492881  61.56188
[36,] 51.46441 28.29595  7.202977  36.96556
[37,] 57.13331 49.38760  8.091265  43.08104
[38,] 52.82445 37.19906 27.738828  69.26595
[39,] 65.05197 49.02177 15.954014  30.48564
[40,] 72.20541 49.75343 23.816762  71.59659
[41,] 73.85165 49.30312  5.616082  36.96556
[42,] 75.75295 50.54493  6.664110  39.67380
[43,] 56.90936 43.08049 16.492881  61.56188
[44,] 59.06575 41.19151 13.648550  41.26240
[45,] 66.18806 50.68560  8.630133  54.55679
[46,] 58.81067 41.55734 13.648550  43.97064
[47,] 75.49788 50.46045 16.323161  53.11575
[48,] 51.14709 42.71467 18.628624  62.26087
[49,] 66.18806 50.46045  4.188926  33.55832
[50,] 64.54183 50.46045 16.323161  67.29975

$Bdatesampinfo
       DATE JULIAN N     Mean    Stdev
1 9/15/2007    623 3 21.12050 19.37543
2  1/5/2008    735 3 23.28714 12.92576
3 4/18/2008    839 3  2.31419  1.39662
4 6/15/2008    897 3 14.57699 14.58851
5 9/14/2008    988 3 23.98615 20.21445

$Ndatesampinfo
       DATE JULIAN N      Mean      Stdev
1 9/15/2007    623 3  942.4333  720.39808
2  1/5/2008    735 3 2523.9533 1374.68649
3 4/18/2008    839 3  156.2400   31.47479
4 6/15/2008    897 3  816.4400  777.86317
5 9/14/2008    988 3 1315.3700  794.73145

$Bdateboots
           [,1]     [,2]      [,3]      [,4]      [,5]
 [1,] 21.120502 27.67638 2.3141896 22.023503 16.594491
 [2,] 14.032703 10.28124 2.0411813 16.271623 17.923362
 [3,] 14.032703 10.28124 2.3141896 22.023503 10.531704
 [4,] 28.208301 23.28714 2.9485825 14.576988 23.986149
 [5,] 34.016303 19.05972 3.4945991 31.164653 37.440595
 [6,]  8.224701 36.13123 1.4067885  7.130473 37.440595
 [7,] 14.032703 27.67638 2.5871979 12.882353 25.315020
 [8,] 21.120502 23.28714 3.2215908 14.576988 23.986149
 [9,] 21.120502 19.05972 2.5871979 23.718138 31.377807
[10,]  8.224701 27.51457 2.9485825 16.271623 37.440595
[11,] 34.016303 23.44896 2.3141896  7.130473 16.594491
[12,] 34.016303 27.51457 2.3141896  5.435838 31.377807
[13,]  8.224701 31.90381 2.3141896 22.023503 17.923362
[14,] 39.824304 23.28714 2.3141896 12.882353 23.986149
[15,] 26.928503 18.89790 2.3141896  7.130473 37.440595
[16,] 21.120502 27.67638 2.9485825 14.576988 30.048937
[17,] 14.032703 27.67638 3.2215908 12.882353 16.594491
[18,]  8.224701 10.28124 2.0411813 12.882353 31.377807
[19,] 15.312501 23.28714 2.3141896 14.576988 37.440595
[20,] 26.928503 19.05972 2.0411813  8.825108 31.377807
[21,] 26.928503 27.51457 3.2215908  5.435838 23.986149
[22,] 15.312501 23.44896 1.6797967  5.435838 23.986149
[23,] 21.120502 14.67048 2.9485825  5.435838 23.986149
[24,] 14.032703 14.67048 3.4945991 22.023503 23.986149
[25,] 26.928503 23.28714 3.2215908 12.882353 30.048937
[26,] 26.928503 36.13123 1.6797967 22.023503 16.594491
[27,] 21.120502 14.67048 1.6797967  7.130473 10.531704
[28,]  1.136902 19.05972 2.0411813  5.435838 23.986149
[29,] 14.032703 18.89790 1.4067885 14.576988 37.440595
[30,] 15.312501 19.05972 1.4067885 22.023503 23.986149
[31,]  8.224701 23.44896 2.3141896 31.164653 43.503382
[32,] 26.928503 14.67048 1.4067885  8.825108 30.048937
[33,] 26.928503 19.05972 2.3141896 16.271623 43.503382
[34,]  8.224701 23.44896 3.2215908 14.576988 10.531704
[35,] 21.120502 23.44896 2.3141896 14.576988 31.377807
[36,] 28.208301 10.28124 3.2215908  5.435838 23.986149
[37,]  8.224701 27.67638 2.0411813  7.130473 25.315020
[38,] 26.928503 18.89790 3.4945991 23.718138 23.986149
[39,] 15.312501 23.44896 2.0411813 14.576988  3.140046
[40,] 22.400300 31.90381 2.0411813 22.023503 30.048937
[41,] 28.208301 31.90381 0.7723956  5.435838 23.986149
[42,] 34.016303 27.67638 2.9485825  5.435838 25.315020
[43,] 15.312501 27.51457 2.3141896 14.576988 31.377807
[44,] 21.120502 19.05972 1.4067885 12.882353 16.594491
[45,] 21.120502 31.90381 2.3141896  7.130473 37.440595
[46,] 21.120502 23.28714 1.4067885 12.882353 17.923362
[47,] 34.016303 31.90381 1.6797967 14.576988 23.986149
[48,] 14.032703 23.28714 2.3141896 16.271623 30.048937
[49,] 21.120502 31.90381 1.6797967  3.741202 23.986149
[50,] 15.312501 31.90381 1.6797967 14.576988 37.440595

$Ndateboots
           [,1]     [,2]   [,3]    [,4]      [,5]
 [1,]  942.4333 3429.427 156.24 1174.26 1028.1033
 [2,]  493.8967 1043.230 151.20  962.59 1073.4633
 [3,]  493.8967 1043.230 156.24 1174.26  786.1967
 [4,] 1390.9700 2523.953 171.36  816.44 1315.3700
 [5,] 1315.3700 2854.177 181.44 1678.23 1844.5433
 [6,]  569.4967 2768.980 136.08  458.62 1844.5433
 [7,]  493.8967 3429.427 161.28  670.29 1360.7300
 [8,]  942.4333 2523.953 176.40  816.44 1315.3700
 [9,]  942.4333 2854.177 161.28 1320.41 1602.6367
[10,]  569.4967 2193.730 171.36  962.59 1844.5433
[11,] 1315.3700 3759.650 156.24  458.62 1028.1033
[12,] 1315.3700 2193.730 156.24  312.47 1602.6367
[13,]  569.4967 3099.203 156.24 1174.26 1073.4633
[14,] 1239.7700 2523.953 156.24  670.29 1315.3700
[15,]  866.8333 1618.480 156.24  458.62 1844.5433
[16,]  942.4333 3429.427 171.36  816.44 1557.2767
[17,]  493.8967 3429.427 176.40  670.29 1028.1033
[18,]  569.4967 1043.230 151.20  670.29 1602.6367
[19,] 1018.0333 2523.953 156.24  816.44 1844.5433
[20,]  866.8333 2854.177 151.20  604.77 1602.6367
[21,]  866.8333 2193.730 176.40  312.47 1315.3700
[22,] 1018.0333 3759.650 141.12  312.47 1315.3700
[23,]  942.4333 1948.703 171.36  312.47 1315.3700
[24,]  493.8967 1948.703 181.44 1174.26 1315.3700
[25,]  866.8333 2523.953 176.40  670.29 1557.2767
[26,]  866.8333 2768.980 141.12 1174.26 1028.1033
[27,]  942.4333 1948.703 141.12  458.62  786.1967
[28,]  120.9600 2854.177 151.20  312.47 1315.3700
[29,]  493.8967 1618.480 136.08  816.44 1844.5433
[30,] 1018.0333 2854.177 136.08 1174.26 1315.3700
[31,]  569.4967 3759.650 156.24 1678.23 2086.4500
[32,]  866.8333 1948.703 136.08  604.77 1557.2767
[33,]  866.8333 2854.177 156.24  962.59 2086.4500
[34,]  569.4967 3759.650 176.40  816.44  786.1967
[35,]  942.4333 3759.650 156.24  816.44 1602.6367
[36,] 1390.9700 1043.230 176.40  312.47 1315.3700
[37,]  569.4967 3429.427 151.20  458.62 1360.7300
[38,]  866.8333 1618.480 181.44 1320.41 1315.3700
[39,] 1018.0333 3759.650 151.20  816.44  498.9300
[40,] 1466.5700 3099.203 151.20 1174.26 1557.2767
[41,] 1390.9700 3099.203 120.96  312.47 1315.3700
[42,] 1315.3700 3429.427 171.36  312.47 1360.7300
[43,] 1018.0333 2193.730 156.24  816.44 1602.6367
[44,]  942.4333 2854.177 136.08  670.29 1028.1033
[45,]  942.4333 3099.203 156.24  458.62 1844.5433
[46,]  942.4333 2523.953 136.08  670.29 1073.4633
[47,] 1315.3700 3099.203 141.12  816.44 1315.3700
[48,]  493.8967 2523.953 156.24  962.59 1557.2767
[49,]  942.4333 3099.203 141.12  166.32 1315.3700
[50,] 1018.0333 3099.203 141.12  816.44 1844.5433

