$totdays
[1] 365

$cpi
 [1] 345.7140 362.8489 339.9226 362.6616 357.1561 343.2816 362.6705 358.8936 351.1003 355.3798
[11] 346.5668 344.1473 360.5307 337.5333 348.8100 356.3204 343.2939 336.4877 360.9165 360.2264
[21] 346.0634 362.8305 342.6212 353.0097 342.8040 343.1895 336.5428 335.6254 360.0502 356.6664
[31] 344.6362 356.1894 357.7029 362.9717 349.1433 339.9279 351.4096 364.2446 339.1818 347.1986
[41] 352.1097 354.8506 341.7887 336.4041 340.3442 356.2149 339.3909 361.7627 363.7814 341.2299

$Psampest
[1] 0.3410096

$Pbootest
     Mean      2.5%       50%     97.5% 
0.3499464 0.0000000 0.3457771 0.9918005 

$Pboots
 [1] 0.34523725 0.32893403 0.06235369 0.65820783 0.05934499 0.34768349 0.32909584 0.66511836
 [9] 0.00000000 0.33584729 0.34438769 0.06158824 0.44862814 0.41639977 0.34217300 0.11896836
[17] 0.34767107 1.06411032 0.00000000 0.99398606 0.12249449 0.11683377 0.34835370 0.06004206
[25] 0.69633592 0.34777685 0.00000000 0.71122950 0.66298166 0.66927167 0.34631694 0.11901212
[33] 0.66733242 0.32882272 0.12141393 0.35111376 0.39995719 0.65534731 0.35188612 0.06104698
[41] 0.12039104 0.33634817 0.34920220 0.35479163 0.35068431 0.05950181 0.41412062 0.05858931
[49] 0.98427266 0.06211480

$Bboots
 [1] 0.042662233 0.042662233 0.002027918 0.085324467 0.002027918 0.044690151 0.044690151
 [8] 0.085324467 0.000000000 0.042662233 0.042662233 0.002027918 0.048745987 0.046718069
[15] 0.042662233 0.004055836 0.044690151 0.127986700 0.000000000 0.134070454 0.004055836
[22] 0.004055836 0.044690151 0.002027918 0.085324467 0.042662233 0.000000000 0.085324467
[29] 0.087352385 0.089380302 0.044690151 0.004055836 0.085324467 0.042662233 0.004055836
[36] 0.044690151 0.046718069 0.087352385 0.044690151 0.002027918 0.004055836 0.044690151
[43] 0.044690151 0.042662233 0.044690151 0.002027918 0.046718069 0.002027918 0.127986700
[50] 0.002027918

$Nboots
 [1]  5.04  5.04  1.26 10.08  1.26  6.30  6.30 10.08  0.00  5.04  5.04  1.26  8.82  7.56  5.04
[16]  2.52  6.30 15.12  0.00 18.90  2.52  2.52  6.30  1.26 10.08  5.04  0.00 10.08 11.34 12.60
[31]  6.30  2.52 10.08  5.04  2.52  6.30  7.56 11.34  6.30  1.26  2.52  6.30  6.30  5.04  6.30
[46]  1.26  7.56  1.26 15.12  1.26

$julians
[1] 623 735 839 897 988

$intdays
[1] 112 104  58  91

$Bdatesampinfo
       DATE JULIAN N       Mean      Stdev
1 9/15/2007    623 3 0.00000000 0.00000000
2  1/5/2008    735 3 0.17064893 0.29557262
3 4/18/2008    839 3 0.00000000 0.00000000
4 6/15/2008    897 3 0.00000000 0.00000000
5 9/14/2008    988 3 0.01622334 0.02809965

$Ndatesampinfo
       DATE JULIAN N  Mean    Stdev
1 9/15/2007    623 3  0.00  0.00000
2  1/5/2008    735 3 20.16 34.91814
3 4/18/2008    839 3  0.00  0.00000
4 6/15/2008    897 3  0.00  0.00000
5 9/14/2008    988 3 10.08 17.45907

$Bdateboots
      [,1]      [,2] [,3] [,4]       [,5]
 [1,]    0 0.1706489    0    0 0.00000000
 [2,]    0 0.1706489    0    0 0.00000000
 [3,]    0 0.0000000    0    0 0.01622334
 [4,]    0 0.3412979    0    0 0.00000000
 [5,]    0 0.0000000    0    0 0.01622334
 [6,]    0 0.1706489    0    0 0.01622334
 [7,]    0 0.1706489    0    0 0.01622334
 [8,]    0 0.3412979    0    0 0.00000000
 [9,]    0 0.0000000    0    0 0.00000000
[10,]    0 0.1706489    0    0 0.00000000
[11,]    0 0.1706489    0    0 0.00000000
[12,]    0 0.0000000    0    0 0.01622334
[13,]    0 0.1706489    0    0 0.04867003
[14,]    0 0.1706489    0    0 0.03244668
[15,]    0 0.1706489    0    0 0.00000000
[16,]    0 0.0000000    0    0 0.03244668
[17,]    0 0.1706489    0    0 0.01622334
[18,]    0 0.5119468    0    0 0.00000000
[19,]    0 0.0000000    0    0 0.00000000
[20,]    0 0.5119468    0    0 0.04867003
[21,]    0 0.0000000    0    0 0.03244668
[22,]    0 0.0000000    0    0 0.03244668
[23,]    0 0.1706489    0    0 0.01622334
[24,]    0 0.0000000    0    0 0.01622334
[25,]    0 0.3412979    0    0 0.00000000
[26,]    0 0.1706489    0    0 0.00000000
[27,]    0 0.0000000    0    0 0.00000000
[28,]    0 0.3412979    0    0 0.00000000
[29,]    0 0.3412979    0    0 0.01622334
[30,]    0 0.3412979    0    0 0.03244668
[31,]    0 0.1706489    0    0 0.01622334
[32,]    0 0.0000000    0    0 0.03244668
[33,]    0 0.3412979    0    0 0.00000000
[34,]    0 0.1706489    0    0 0.00000000
[35,]    0 0.0000000    0    0 0.03244668
[36,]    0 0.1706489    0    0 0.01622334
[37,]    0 0.1706489    0    0 0.03244668
[38,]    0 0.3412979    0    0 0.01622334
[39,]    0 0.1706489    0    0 0.01622334
[40,]    0 0.0000000    0    0 0.01622334
[41,]    0 0.0000000    0    0 0.03244668
[42,]    0 0.1706489    0    0 0.01622334
[43,]    0 0.1706489    0    0 0.01622334
[44,]    0 0.1706489    0    0 0.00000000
[45,]    0 0.1706489    0    0 0.01622334
[46,]    0 0.0000000    0    0 0.01622334
[47,]    0 0.1706489    0    0 0.03244668
[48,]    0 0.0000000    0    0 0.01622334
[49,]    0 0.5119468    0    0 0.00000000
[50,]    0 0.0000000    0    0 0.01622334

$Ndateboots
      [,1]  [,2] [,3] [,4]  [,5]
 [1,]    0 20.16    0    0  0.00
 [2,]    0 20.16    0    0  0.00
 [3,]    0  0.00    0    0 10.08
 [4,]    0 40.32    0    0  0.00
 [5,]    0  0.00    0    0 10.08
 [6,]    0 20.16    0    0 10.08
 [7,]    0 20.16    0    0 10.08
 [8,]    0 40.32    0    0  0.00
 [9,]    0  0.00    0    0  0.00
[10,]    0 20.16    0    0  0.00
[11,]    0 20.16    0    0  0.00
[12,]    0  0.00    0    0 10.08
[13,]    0 20.16    0    0 30.24
[14,]    0 20.16    0    0 20.16
[15,]    0 20.16    0    0  0.00
[16,]    0  0.00    0    0 20.16
[17,]    0 20.16    0    0 10.08
[18,]    0 60.48    0    0  0.00
[19,]    0  0.00    0    0  0.00
[20,]    0 60.48    0    0 30.24
[21,]    0  0.00    0    0 20.16
[22,]    0  0.00    0    0 20.16
[23,]    0 20.16    0    0 10.08
[24,]    0  0.00    0    0 10.08
[25,]    0 40.32    0    0  0.00
[26,]    0 20.16    0    0  0.00
[27,]    0  0.00    0    0  0.00
[28,]    0 40.32    0    0  0.00
[29,]    0 40.32    0    0 10.08
[30,]    0 40.32    0    0 20.16
[31,]    0 20.16    0    0 10.08
[32,]    0  0.00    0    0 20.16
[33,]    0 40.32    0    0  0.00
[34,]    0 20.16    0    0  0.00
[35,]    0  0.00    0    0 20.16
[36,]    0 20.16    0    0 10.08
[37,]    0 20.16    0    0 20.16
[38,]    0 40.32    0    0 10.08
[39,]    0 20.16    0    0 10.08
[40,]    0  0.00    0    0 10.08
[41,]    0  0.00    0    0 20.16
[42,]    0 20.16    0    0 10.08
[43,]    0 20.16    0    0 10.08
[44,]    0 20.16    0    0  0.00
[45,]    0 20.16    0    0 10.08
[46,]    0  0.00    0    0 10.08
[47,]    0 20.16    0    0 20.16
[48,]    0  0.00    0    0 10.08
[49,]    0 60.48    0    0  0.00
[50,]    0  0.00    0    0 10.08

