$totdays
[1] 365

$pb
[1] 10

$Psampest
[1] 0.1908221

$Pbootest
      Mean       2.5%        50%      97.5% 
0.18729957 0.07669778 0.19082700 0.27558475 

$Pboots
 [1] 0.1174271 0.2495381 0.1614641 0.2642123 0.1467851 0.1467900 0.1467851 0.1467900 0.1174320
[10] 0.0880740 0.1174320 0.2495381 0.2495333 0.2054963 0.2935703 0.1174271 0.0733950 0.0440370
[19] 0.2201801 0.2055011 0.1614641 0.2495430 0.2201850 0.2495381 0.1908221 0.2055060 0.1761431
[28] 0.1908173 0.2055011 0.2642123 0.1174320 0.2201801 0.1321110 0.2348591 0.2348543 0.2348543
[37] 0.1174320 0.1027530 0.2348543 0.2642123 0.1761431 0.2495381 0.2055011 0.1908221 0.1908270
[46] 0.1908270 0.2055011 0.2788864 0.1174320 0.1908173

$Bboots
 [1] 0.01174271 0.02495381 0.01614641 0.02642123 0.01467851 0.01467900 0.01467851 0.01467900
 [9] 0.01174320 0.00880740 0.01174320 0.02495381 0.02495333 0.02054963 0.02935703 0.01174271
[17] 0.00733950 0.00440370 0.02201801 0.02055011 0.01614641 0.02495430 0.02201850 0.02495381
[25] 0.01908221 0.02055060 0.01761431 0.01908173 0.02055011 0.02642123 0.01174320 0.02201801
[33] 0.01321110 0.02348591 0.02348543 0.02348543 0.01174320 0.01027530 0.02348543 0.02642123
[41] 0.01761431 0.02495381 0.02055011 0.01908221 0.01908270 0.01908270 0.02055011 0.02788864
[49] 0.01174320 0.01908173

$Nboots
 [1]  8.819583 15.119583 12.599583 18.899167 10.079583  7.560000 10.079583  7.560000  6.300000
[10]  5.040000  6.300000 15.119583 17.639167 16.379167 20.159167  8.819583  5.040000  3.780000
[19] 13.859583 12.599583 10.079583 12.600000 11.340000 16.379583 13.859583 11.340000 11.339583
[28] 15.119167 12.599583 18.899167  6.300000 15.119583  6.300000 15.119583 16.379167 16.379167
[37]  6.300000  5.040000 16.379167 18.899167 11.339583 15.119583 12.599583 12.599583 10.080000
[46] 10.080000 12.599583 22.678750  7.560000 15.119167

$julians
[1] 623 735 839 897 988

$intdays
[1] 112 104  58  91

$Bdatesampinfo
       DATE JULIAN N       Mean      Stdev
1 9/15/2007    623 3 0.03522960 0.03522960
2  1/5/2008    735 3 0.00000000 0.00000000
3 4/18/2008    839 3 0.01174320 0.02033982
4 6/15/2008    897 3 0.00000000 0.00000000
5 9/14/2008    988 3 0.09394172 0.08865382

$Ndatesampinfo
       DATE JULIAN N     Mean     Stdev
1 9/15/2007    623 3 20.16000 17.459072
2  1/5/2008    735 3  0.00000  0.000000
3 4/18/2008    839 3  5.04000  8.729536
4 6/15/2008    897 3  0.00000  0.000000
5 9/14/2008    988 3 70.55667 76.097033

$Bdateboots
           [,1] [,2]      [,3] [,4]       [,5]
 [1,] 0.0000000    0 0.0000000    0 0.09394172
 [2,] 0.0587160    0 0.0234864    0 0.09394172
 [3,] 0.0352296    0 0.0000000    0 0.09394172
 [4,] 0.0352296    0 0.0117432    0 0.15265383
 [5,] 0.0352296    0 0.0117432    0 0.05871212
 [6,] 0.0469728    0 0.0000000    0 0.07045920
 [7,] 0.0234864    0 0.0000000    0 0.09394172
 [8,] 0.0587160    0 0.0117432    0 0.03522960
 [9,] 0.0117432    0 0.0234864    0 0.03522960
[10,] 0.0234864    0 0.0234864    0 0.00000000
[11,] 0.0352296    0 0.0117432    0 0.03522960
[12,] 0.0352296    0 0.0352296    0 0.09394172
[13,] 0.0234864    0 0.0117432    0 0.15265383
[14,] 0.0469728    0 0.0000000    0 0.11742423
[15,] 0.0352296    0 0.0234864    0 0.15265383
[16,] 0.0117432    0 0.0117432    0 0.05871212
[17,] 0.0352296    0 0.0117432    0 0.00000000
[18,] 0.0352296    0 0.0000000    0 0.00000000
[19,] 0.0352296    0 0.0234864    0 0.09394172
[20,] 0.0469728    0 0.0117432    0 0.09394172
[21,] 0.0234864    0 0.0234864    0 0.05871212
[22,] 0.0469728    0 0.0234864    0 0.10568880
[23,] 0.0587160    0 0.0234864    0 0.07045920
[24,] 0.0234864    0 0.0234864    0 0.12917132
[25,] 0.0352296    0 0.0117432    0 0.09394172
[26,] 0.0469728    0 0.0234864    0 0.07045920
[27,] 0.0352296    0 0.0234864    0 0.05871212
[28,] 0.0352296    0 0.0000000    0 0.11742423
[29,] 0.0352296    0 0.0352296    0 0.05871212
[30,] 0.0469728    0 0.0234864    0 0.11742423
[31,] 0.0352296    0 0.0117432    0 0.03522960
[32,] 0.0352296    0 0.0234864    0 0.09394172
[33,] 0.0587160    0 0.0234864    0 0.00000000
[34,] 0.0469728    0 0.0234864    0 0.09394172
[35,] 0.0234864    0 0.0234864    0 0.11742423
[36,] 0.0234864    0 0.0234864    0 0.11742423
[37,] 0.0352296    0 0.0117432    0 0.03522960
[38,] 0.0234864    0 0.0117432    0 0.03522960
[39,] 0.0469728    0 0.0117432    0 0.11742423
[40,] 0.0234864    0 0.0352296    0 0.11742423
[41,] 0.0587160    0 0.0117432    0 0.05871212
[42,] 0.0469728    0 0.0117432    0 0.12917132
[43,] 0.0469728    0 0.0117432    0 0.09394172
[44,] 0.0352296    0 0.0117432    0 0.09394172
[45,] 0.0587160    0 0.0117432    0 0.07045920
[46,] 0.0352296    0 0.0234864    0 0.07045920
[47,] 0.0704592    0 0.0000000    0 0.09394172
[48,] 0.0234864    0 0.0117432    0 0.17613635
[49,] 0.0234864    0 0.0000000    0 0.07045920
[50,] 0.0117432    0 0.0117432    0 0.11742423

$Ndateboots
       [,1] [,2]  [,3] [,4]      [,5]
 [1,]  0.00    0  0.00    0  70.55667
 [2,] 30.24    0 10.08    0  70.55667
 [3,] 30.24    0  0.00    0  70.55667
 [4,] 20.16    0  5.04    0 120.95333
 [5,] 20.16    0  5.04    0  50.39667
 [6,] 20.16    0  0.00    0  40.32000
 [7,] 10.08    0  0.00    0  70.55667
 [8,] 30.24    0  5.04    0  20.16000
 [9,] 10.08    0 10.08    0  20.16000
[10,] 20.16    0 10.08    0   0.00000
[11,] 20.16    0  5.04    0  20.16000
[12,] 20.16    0 15.12    0  70.55667
[13,] 10.08    0  5.04    0 120.95333
[14,] 30.24    0  0.00    0 100.79333
[15,] 20.16    0 10.08    0 120.95333
[16,] 10.08    0  5.04    0  50.39667
[17,] 30.24    0  5.04    0   0.00000
[18,] 30.24    0  0.00    0   0.00000
[19,] 20.16    0 10.08    0  70.55667
[20,] 20.16    0  5.04    0  70.55667
[21,] 10.08    0 10.08    0  50.39667
[22,] 20.16    0 10.08    0  60.48000
[23,] 30.24    0 10.08    0  40.32000
[24,] 20.16    0 10.08    0  90.71667
[25,] 30.24    0  5.04    0  70.55667
[26,] 30.24    0 10.08    0  40.32000
[27,] 20.16    0 10.08    0  50.39667
[28,] 20.16    0  0.00    0 100.79333
[29,] 20.16    0 15.12    0  50.39667
[30,] 30.24    0 10.08    0 100.79333
[31,] 20.16    0  5.04    0  20.16000
[32,] 30.24    0 10.08    0  70.55667
[33,] 30.24    0 10.08    0   0.00000
[34,] 30.24    0 10.08    0  70.55667
[35,] 10.08    0 10.08    0 100.79333
[36,] 10.08    0 10.08    0 100.79333
[37,] 20.16    0  5.04    0  20.16000
[38,] 10.08    0  5.04    0  20.16000
[39,] 20.16    0  5.04    0 100.79333
[40,] 20.16    0 15.12    0 100.79333
[41,] 30.24    0  5.04    0  50.39667
[42,] 20.16    0  5.04    0  90.71667
[43,] 20.16    0  5.04    0  70.55667
[44,] 20.16    0  5.04    0  70.55667
[45,] 30.24    0  5.04    0  40.32000
[46,] 20.16    0 10.08    0  40.32000
[47,] 30.24    0  0.00    0  70.55667
[48,] 20.16    0  5.04    0 151.19000
[49,] 20.16    0  0.00    0  40.32000
[50,] 10.08    0  5.04    0 100.79333

