$totdays
[1] 365

$Psampest
[1] 78.22341

$Pbootest
       Mean        2.5%         50%       97.5% 
 71.5957486   0.3312371  71.3533141 146.7184663 

$Pboots
 [1]  73.395103 102.534576  73.395103  63.314861  69.802247  37.560640  55.384416 179.285825
 [9]  46.472528  62.824140 115.784054   0.000000 118.886188 134.285462  75.121280 148.025661
[17]  41.644217  77.732692  74.630558   0.000000  33.713772  83.542447  54.402973 109.974299
[25] 111.446464  16.842333  46.472528  89.746714  72.904381  54.402973 142.215907  69.311526
[33]  45.981807  32.732329  41.153495  64.973936 102.534576 110.955743  77.732692  45.981807
[41]  81.816269  77.732692  37.560640   8.911888 102.534576 128.052088  40.662774 106.381444
[49]   1.472165  37.560640

$Bboots
 [1] 34.7499819 53.2752602 34.7499819 37.3029640 38.0789630 23.1522930 32.9455767 95.1723560
 [9] 28.0489348 37.0333367 65.8582705  0.0000000 62.2596622 67.9323030 46.3045859 80.7849405
[17] 20.0929391 42.4363503 46.0349587  0.0000000 15.7355518 50.9316005 32.4063221 57.3630203
[25] 58.1719021  9.2540292 28.0489348 43.7343838 34.4803546 32.4063221 72.2896903 37.8093357
[33] 27.7793075 15.1962973 19.8233119 30.1229673 53.2752602 57.9022748 42.4363503 27.7793075
[41] 39.3769965 42.4363503 23.1522930  4.8966418 53.2752602 77.9020263 19.5536846 60.6920014
[49]  0.8088818 23.1522930

$Nboots
 [1]  4.110893  7.019643  4.110893  7.704643  5.273393  3.991607  7.086250 11.982500  5.538929
[10]  7.240179 10.347857  0.000000  8.720893  7.836964  7.983214 11.629643  3.293571  5.891786
[19]  7.518750  0.000000  2.675179  9.066071  6.157321  7.173571  8.566964  2.165714  5.538929
[28]  5.812143  3.646429  6.157321  8.455357  4.808929  5.074464  1.746250  2.829107  3.028036
[37]  7.019643  8.102500  5.891786  5.074464  5.193750  5.891786  3.991607  1.547321  7.019643
[46] 12.747143  2.364643  8.336071  1.393393  3.991607

$julians
[1] 623 735 839 897 988

$intdays
[1] 112 104  58  91

$Pintsampest
[1] 16.717870 39.321709 13.271946  8.911888

$Pintboots
          [,1]     [,2]     [,3]       [,4]
 [1,] 33.43574 31.04747  0.00000  8.9118882
 [2,] 33.43574 54.84545 13.27195  0.9814432
 [3,] 33.43574 31.04747  0.00000  8.9118882
 [4,]  0.00000 23.79797 13.27195 26.2449429
 [5,] 16.71787 39.32171 13.27195  0.4907216
 [6,]  0.00000 23.79797 13.27195  0.4907216
 [7,]  0.00000 23.79797 13.27195 18.3144979
 [8,] 50.15361 94.16716 26.54389  8.4211666
 [9,]  0.00000 23.79797 13.27195  9.4026098
[10,]  0.00000 23.79797 13.27195 25.7542213
[11,] 16.71787 63.11968 26.54389  9.4026098
[12,]  0.00000  0.00000  0.00000  0.0000000
[13,] 33.43574 54.84545 13.27195 17.3330547
[14,] 50.15361 70.36918 13.27195  0.4907216
[15,]  0.00000 47.59594 26.54389  0.9814432
[16,] 33.43574 78.64342 26.54389  9.4026098
[17,] 16.71787 15.52374  0.00000  9.4026098
[18,] 16.71787 39.32171 13.27195  8.4211666
[19,]  0.00000 47.59594 26.54389  0.4907216
[20,]  0.00000  0.00000  0.00000  0.0000000
[21,] 16.71787 15.52374  0.00000  1.4721648
[22,]  0.00000 47.59594 26.54389  9.4026098
[23,]  0.00000 23.79797 13.27195 17.3330547
[24,] 33.43574 54.84545 13.27195  8.4211666
[25,] 33.43574 54.84545 13.27195  9.8933314
[26,]  0.00000  0.00000  0.00000 16.8423331
[27,]  0.00000 23.79797 13.27195  9.4026098
[28,] 33.43574 31.04747  0.00000 25.2634997
[29,] 33.43574 31.04747  0.00000  8.4211666
[30,]  0.00000 23.79797 13.27195 17.3330547
[31,] 50.15361 70.36918 13.27195  8.4211666
[32,] 16.71787 39.32171 13.27195  0.0000000
[33,]  0.00000 23.79797 13.27195  8.9118882
[34,] 16.71787 15.52374  0.00000  0.4907216
[35,] 16.71787 15.52374  0.00000  8.9118882
[36,] 33.43574 31.04747  0.00000  0.4907216
[37,] 33.43574 54.84545 13.27195  0.9814432
[38,] 33.43574 54.84545 13.27195  9.4026098
[39,] 16.71787 39.32171 13.27195  8.4211666
[40,]  0.00000 23.79797 13.27195  8.9118882
[41,] 33.43574 31.04747  0.00000 17.3330547
[42,] 16.71787 39.32171 13.27195  8.4211666
[43,]  0.00000 23.79797 13.27195  0.4907216
[44,]  0.00000  0.00000  0.00000  8.9118882
[45,] 33.43574 54.84545 13.27195  0.9814432
[46,]  0.00000 71.39392 39.81584 16.8423331
[47,] 16.71787 15.52374  0.00000  8.4211666
[48,] 16.71787 63.11968 26.54389  0.0000000
[49,]  0.00000  0.00000  0.00000  1.4721648
[50,]  0.00000 23.79797 13.27195  0.4907216

$Bdatesampinfo
       DATE JULIAN N     Mean     Stdev
1 9/15/2007    623 7  0.00000   0.00000
2  1/5/2008    735 7 59.70668 157.96903
3 4/18/2008    839 7 91.53066 242.16737
4 6/15/2008    897 7  0.00000   0.00000
5 9/14/2008    988 7 39.17313  97.14739

$Ndatesampinfo
       DATE JULIAN N      Mean    Stdev
1 9/15/2007    623 7  0.000000  0.00000
2  1/5/2008    735 7  5.127143 13.56514
3 4/18/2008    839 7 14.108571 37.32777
4 6/15/2008    897 7  0.000000  0.00000
5 9/14/2008    988 7 12.378571 23.38492

$Bdateboots
      [,1]      [,2]      [,3] [,4]       [,5]
 [1,]    0 119.41336   0.00000    0  39.173135
 [2,]    0 119.41336  91.53066    0   4.314036
 [3,]    0 119.41336   0.00000    0  39.173135
 [4,]    0   0.00000  91.53066    0 115.362386
 [5,]    0  59.70668  91.53066    0   2.157018
 [6,]    0   0.00000  91.53066    0   2.157018
 [7,]    0   0.00000  91.53066    0  80.503288
 [8,]    0 179.12004 183.06133    0  37.016117
 [9,]    0   0.00000  91.53066    0  41.330153
[10,]    0   0.00000  91.53066    0 113.205368
[11,]    0  59.70668 183.06133    0  41.330153
[12,]    0   0.00000   0.00000    0   0.000000
[13,]    0 119.41336  91.53066    0  76.189252
[14,]    0 179.12004  91.53066    0   2.157018
[15,]    0   0.00000 183.06133    0   4.314036
[16,]    0 119.41336 183.06133    0  41.330153
[17,]    0  59.70668   0.00000    0  41.330153
[18,]    0  59.70668  91.53066    0  37.016117
[19,]    0   0.00000 183.06133    0   2.157018
[20,]    0   0.00000   0.00000    0   0.000000
[21,]    0  59.70668   0.00000    0   6.471054
[22,]    0   0.00000 183.06133    0  41.330153
[23,]    0   0.00000  91.53066    0  76.189252
[24,]    0 119.41336  91.53066    0  37.016117
[25,]    0 119.41336  91.53066    0  43.487171
[26,]    0   0.00000   0.00000    0  74.032234
[27,]    0   0.00000  91.53066    0  41.330153
[28,]    0 119.41336   0.00000    0 111.048350
[29,]    0 119.41336   0.00000    0  37.016117
[30,]    0   0.00000  91.53066    0  76.189252
[31,]    0 179.12004  91.53066    0  37.016117
[32,]    0  59.70668  91.53066    0   0.000000
[33,]    0   0.00000  91.53066    0  39.173135
[34,]    0  59.70668   0.00000    0   2.157018
[35,]    0  59.70668   0.00000    0  39.173135
[36,]    0 119.41336   0.00000    0   2.157018
[37,]    0 119.41336  91.53066    0   4.314036
[38,]    0 119.41336  91.53066    0  41.330153
[39,]    0  59.70668  91.53066    0  37.016117
[40,]    0   0.00000  91.53066    0  39.173135
[41,]    0 119.41336   0.00000    0  76.189252
[42,]    0  59.70668  91.53066    0  37.016117
[43,]    0   0.00000  91.53066    0   2.157018
[44,]    0   0.00000   0.00000    0  39.173135
[45,]    0 119.41336  91.53066    0   4.314036
[46,]    0   0.00000 274.59199    0  74.032234
[47,]    0  59.70668   0.00000    0  37.016117
[48,]    0  59.70668 183.06133    0   0.000000
[49,]    0   0.00000   0.00000    0   6.471054
[50,]    0   0.00000  91.53066    0   2.157018

$Ndateboots
      [,1]      [,2]     [,3] [,4]      [,5]
 [1,]    0 10.254286  0.00000    0 12.378571
 [2,]    0 10.254286 14.10857    0  7.431429
 [3,]    0 10.254286  0.00000    0 12.378571
 [4,]    0  0.000000 14.10857    0 33.420000
 [5,]    0  5.127143 14.10857    0  3.715714
 [6,]    0  0.000000 14.10857    0  3.715714
 [7,]    0  0.000000 14.10857    0 28.472857
 [8,]    0 15.381429 28.21714    0  8.662857
 [9,]    0  0.000000 14.10857    0 16.094286
[10,]    0  0.000000 14.10857    0 29.704286
[11,]    0  5.127143 28.21714    0 16.094286
[12,]    0  0.000000  0.00000    0  0.000000
[13,]    0 10.254286 14.10857    0 21.041429
[14,]    0 15.381429 14.10857    0  3.715714
[15,]    0  0.000000 28.21714    0  7.431429
[16,]    0 10.254286 28.21714    0 16.094286
[17,]    0  5.127143  0.00000    0 16.094286
[18,]    0  5.127143 14.10857    0  8.662857
[19,]    0  0.000000 28.21714    0  3.715714
[20,]    0  0.000000  0.00000    0  0.000000
[21,]    0  5.127143  0.00000    0 11.147143
[22,]    0  0.000000 28.21714    0 16.094286
[23,]    0  0.000000 14.10857    0 21.041429
[24,]    0 10.254286 14.10857    0  8.662857
[25,]    0 10.254286 14.10857    0 19.810000
[26,]    0  0.000000  0.00000    0 17.325714
[27,]    0  0.000000 14.10857    0 16.094286
[28,]    0 10.254286  0.00000    0 25.988571
[29,]    0 10.254286  0.00000    0  8.662857
[30,]    0  0.000000 14.10857    0 21.041429
[31,]    0 15.381429 14.10857    0  8.662857
[32,]    0  5.127143 14.10857    0  0.000000
[33,]    0  0.000000 14.10857    0 12.378571
[34,]    0  5.127143  0.00000    0  3.715714
[35,]    0  5.127143  0.00000    0 12.378571
[36,]    0 10.254286  0.00000    0  3.715714
[37,]    0 10.254286 14.10857    0  7.431429
[38,]    0 10.254286 14.10857    0 16.094286
[39,]    0  5.127143 14.10857    0  8.662857
[40,]    0  0.000000 14.10857    0 12.378571
[41,]    0 10.254286  0.00000    0 21.041429
[42,]    0  5.127143 14.10857    0  8.662857
[43,]    0  0.000000 14.10857    0  3.715714
[44,]    0  0.000000  0.00000    0 12.378571
[45,]    0 10.254286 14.10857    0  7.431429
[46,]    0  0.000000 42.32571    0 17.325714
[47,]    0  5.127143  0.00000    0  8.662857
[48,]    0  5.127143 28.21714    0  0.000000
[49,]    0  0.000000  0.00000    0 11.147143
[50,]    0  0.000000 14.10857    0  3.715714

