$totdays
[1] 365

$cpi
 [1] 345.0515 362.1905 354.4913 355.6408 337.0934 361.6433 343.3088 355.1593 360.0019 362.8797
[11] 356.3913 355.4335 352.6654 341.7934 340.7316 359.2110 364.7444 356.7277 349.6237 348.8888
[21] 362.1306 335.4933 344.0236 364.1038 356.8856 351.0536 362.1573 343.5820 340.2770 361.1302
[31] 356.3870 342.3471 346.6410 337.3756 342.9079 359.8950 354.8916 352.6054 359.3538 341.5257
[41] 355.8047 344.2944 354.7379 336.3301 349.2777 348.4749 361.6644 339.0173 355.5345 355.3869

$Psampest
[1] 0.2525905

$Pbootest
      Mean       2.5%        50%      97.5% 
0.24942012 0.03323862 0.24988118 0.53186290 

$Pboots
 [1] 0.26417651 0.54652813 0.03330367 0.10731445 0.48134935 0.18601962 0.06877692 0.28989909
 [9] 0.17235225 0.17098540 0.17409834 0.42329671 0.11601144 0.25865527 0.25946133 0.10624786
[17] 0.37259006 0.28092163 0.29448908 0.26127090 0.24412927 0.27170289 0.06863402 0.07994246
[25] 0.17310062 0.04145714 0.25169865 0.25730879 0.30257810 0.03269143 0.24806371 0.76747323
[33] 0.04198487 0.22704906 0.07687061 0.24564572 0.39067685 0.38541701 0.23836912 0.39792069
[41] 0.11498784 0.40270171 0.45740727 0.26285690 0.38908909 0.42386414 0.34311993 0.21784433
[49] 0.21545255 0.03321974

$Bboots
 [1] 0.027977625 0.060755036 0.003623518 0.011713929 0.049801607 0.020647714 0.007247036
 [8] 0.031601143 0.019043839 0.019043839 0.019043839 0.046178089 0.012557304 0.027134250
[15] 0.027134250 0.011713929 0.041711196 0.030757768 0.031601143 0.027977625 0.027134250
[22] 0.027977625 0.007247036 0.008933786 0.018960964 0.004466893 0.027977625 0.027134250
[29] 0.031601143 0.003623518 0.027134250 0.080642250 0.004466893 0.023510732 0.008090411
[36] 0.027134250 0.042554571 0.041711196 0.026290875 0.041711196 0.012557304 0.042554571
[43] 0.049801607 0.027134250 0.041711196 0.045334714 0.038087679 0.022667357 0.023510732
[50] 0.003623518

$Nboots
 [1]  7.1737500 15.5782143  0.9291071  3.0035714 12.7696429  5.2942857  1.8582143  8.1028571
 [9]  4.8830357  4.8830357  4.8830357 11.8405357  3.2198214  6.9575000  6.9575000  3.0035714
[17] 10.6951786  7.8866071  8.1028571  7.1737500  6.9575000  7.1737500  1.8582143  2.2907143
[25]  4.8617857  1.1453571  7.1737500  6.9575000  8.1028571  0.9291071  6.9575000 20.6775000
[33]  1.1453571  6.0283929  2.0744643  6.9575000 10.9114286 10.6951786  6.7412500 10.6951786
[41]  3.2198214 10.9114286 12.7696429  6.9575000 10.6951786 11.6242857  9.7660714  5.8121429
[49]  6.0283929  0.9291071

$julians
[1] 623 735 839 897 988

$intdays
[1] 112 104  58  91

$Bdatesampinfo
       DATE JULIAN N       Mean      Stdev
1 9/15/2007    623 7 0.18808586 0.39838534
2  1/5/2008    735 7 0.00000000 0.00000000
3 4/18/2008    839 7 0.00000000 0.00000000
4 6/15/2008    897 7 0.00000000 0.00000000
5 9/14/2008    988 7 0.02898814 0.07669542

$Ndatesampinfo
       DATE JULIAN N      Mean     Stdev
1 9/15/2007    623 7 48.227143 102.15009
2  1/5/2008    735 7  0.000000   0.00000
3 4/18/2008    839 7  0.000000   0.00000
4 6/15/2008    897 7  0.000000   0.00000
5 9/14/2008    988 7  7.432857  19.66549

$Bdateboots
            [,1] [,2] [,3] [,4]       [,5]
 [1,] 0.22382100    0    0    0 0.00000000
 [2,] 0.45705214    0    0    0 0.02898814
 [3,] 0.00000000    0    0    0 0.02898814
 [4,] 0.03573514    0    0    0 0.05797629
 [5,] 0.34043657    0    0    0 0.05797629
 [6,] 0.10720543    0    0    0 0.05797629
 [7,] 0.00000000    0    0    0 0.05797629
 [8,] 0.22382100    0    0    0 0.02898814
 [9,] 0.15235071    0    0    0 0.00000000
[10,] 0.15235071    0    0    0 0.00000000
[11,] 0.15235071    0    0    0 0.00000000
[12,] 0.34043657    0    0    0 0.02898814
[13,] 0.07147029    0    0    0 0.02898814
[14,] 0.18808586    0    0    0 0.02898814
[15,] 0.18808586    0    0    0 0.02898814
[16,] 0.03573514    0    0    0 0.05797629
[17,] 0.30470143    0    0    0 0.02898814
[18,] 0.18808586    0    0    0 0.05797629
[19,] 0.22382100    0    0    0 0.02898814
[20,] 0.22382100    0    0    0 0.00000000
[21,] 0.18808586    0    0    0 0.02898814
[22,] 0.22382100    0    0    0 0.00000000
[23,] 0.00000000    0    0    0 0.05797629
[24,] 0.07147029    0    0    0 0.00000000
[25,] 0.03573514    0    0    0 0.11595257
[26,] 0.03573514    0    0    0 0.00000000
[27,] 0.22382100    0    0    0 0.00000000
[28,] 0.18808586    0    0    0 0.02898814
[29,] 0.22382100    0    0    0 0.02898814
[30,] 0.00000000    0    0    0 0.02898814
[31,] 0.18808586    0    0    0 0.02898814
[32,] 0.64513800    0    0    0 0.00000000
[33,] 0.03573514    0    0    0 0.00000000
[34,] 0.18808586    0    0    0 0.00000000
[35,] 0.03573514    0    0    0 0.02898814
[36,] 0.18808586    0    0    0 0.02898814
[37,] 0.34043657    0    0    0 0.00000000
[38,] 0.30470143    0    0    0 0.02898814
[39,] 0.15235071    0    0    0 0.05797629
[40,] 0.30470143    0    0    0 0.02898814
[41,] 0.07147029    0    0    0 0.02898814
[42,] 0.34043657    0    0    0 0.00000000
[43,] 0.34043657    0    0    0 0.05797629
[44,] 0.18808586    0    0    0 0.02898814
[45,] 0.30470143    0    0    0 0.02898814
[46,] 0.30470143    0    0    0 0.05797629
[47,] 0.30470143    0    0    0 0.00000000
[48,] 0.15235071    0    0    0 0.02898814
[49,] 0.18808586    0    0    0 0.00000000
[50,] 0.00000000    0    0    0 0.02898814

$Ndateboots
            [,1] [,2] [,3] [,4]      [,5]
 [1,]  57.390000    0    0    0  0.000000
 [2,] 117.192857    0    0    0  7.432857
 [3,]   0.000000    0    0    0  7.432857
 [4,]   9.162857    0    0    0 14.865714
 [5,]  87.291429    0    0    0 14.865714
 [6,]  27.488571    0    0    0 14.865714
 [7,]   0.000000    0    0    0 14.865714
 [8,]  57.390000    0    0    0  7.432857
 [9,]  39.064286    0    0    0  0.000000
[10,]  39.064286    0    0    0  0.000000
[11,]  39.064286    0    0    0  0.000000
[12,]  87.291429    0    0    0  7.432857
[13,]  18.325714    0    0    0  7.432857
[14,]  48.227143    0    0    0  7.432857
[15,]  48.227143    0    0    0  7.432857
[16,]   9.162857    0    0    0 14.865714
[17,]  78.128571    0    0    0  7.432857
[18,]  48.227143    0    0    0 14.865714
[19,]  57.390000    0    0    0  7.432857
[20,]  57.390000    0    0    0  0.000000
[21,]  48.227143    0    0    0  7.432857
[22,]  57.390000    0    0    0  0.000000
[23,]   0.000000    0    0    0 14.865714
[24,]  18.325714    0    0    0  0.000000
[25,]   9.162857    0    0    0 29.731429
[26,]   9.162857    0    0    0  0.000000
[27,]  57.390000    0    0    0  0.000000
[28,]  48.227143    0    0    0  7.432857
[29,]  57.390000    0    0    0  7.432857
[30,]   0.000000    0    0    0  7.432857
[31,]  48.227143    0    0    0  7.432857
[32,] 165.420000    0    0    0  0.000000
[33,]   9.162857    0    0    0  0.000000
[34,]  48.227143    0    0    0  0.000000
[35,]   9.162857    0    0    0  7.432857
[36,]  48.227143    0    0    0  7.432857
[37,]  87.291429    0    0    0  0.000000
[38,]  78.128571    0    0    0  7.432857
[39,]  39.064286    0    0    0 14.865714
[40,]  78.128571    0    0    0  7.432857
[41,]  18.325714    0    0    0  7.432857
[42,]  87.291429    0    0    0  0.000000
[43,]  87.291429    0    0    0 14.865714
[44,]  48.227143    0    0    0  7.432857
[45,]  78.128571    0    0    0  7.432857
[46,]  78.128571    0    0    0 14.865714
[47,]  78.128571    0    0    0  0.000000
[48,]  39.064286    0    0    0  7.432857
[49,]  48.227143    0    0    0  0.000000
[50,]   0.000000    0    0    0  7.432857

