$totdays
[1] 365

$Psampest
[1] 27.74429

$Pbootest
     Mean      2.5%       50%     97.5% 
26.197890  3.922256 27.287687 64.906335 

$Pboots
 [1] 10.838091 49.388505 45.875462 29.068050 25.332913 48.343894  3.325836  5.076718 67.755637
[10]  5.896631 28.683425 27.517017 34.958926 32.845064 27.082189 26.359517 44.271478 28.513813
[19]  7.170214 28.132491  9.233752 29.871697 43.914671 37.112739 29.905909 27.493186 10.267304
[28]  6.305908 26.036979 10.643444 95.118806  9.783586  4.345117  3.799490 23.302423 30.227004
[37]  6.785008  7.086846  6.697790 27.639126 29.423203  6.341887 24.943858  7.809762  7.022660
[46] 55.092073 46.746120 29.926301 26.306325 54.275629

$Bboots
 [1]  5.402341 22.570777 19.775195 13.348594 12.674640 21.660546  2.661719  2.976999 30.542951
[10]  2.410583 13.421747 11.700074 15.883053 14.827607 14.347586 11.554605 18.689146 14.761141
[19]  4.051650 11.880508  4.304613 13.570927 19.419072 19.176709 14.363147 13.159675  4.551855
[28]  3.927167 12.067168  5.379877 41.646518  7.971100  3.571044  1.261756 10.952720 12.935409
[37]  3.988889  6.177005  4.768723 12.384836 13.512088  2.479139 11.266358  4.130992  1.773909
[46] 24.287684 22.700904 12.115036 10.758568 24.872585

$Nboots
 [1]  69.32964 118.73518  99.68196  83.21571  50.40161 110.31750  16.20464  40.49661 134.59911
[10]  47.20250  82.42054  70.69875 135.69696 121.07054  52.69018  67.81625  75.84196  75.29196
[19]  45.95304  86.10875  58.35536  86.30375  80.84571 149.08446  92.89536  71.20732  57.15982
[28]  44.47161  69.24857  71.67875 223.45607  46.09518  25.63536  25.90375  40.84518 100.11625
[37]  54.37679  39.07536  46.62518  66.71036  89.04286  39.47696  57.95143  48.74411  36.87500
[46] 165.79232  89.22036  86.79589  68.60357 147.60018

$julians
[1] 623 735 839 897 988

$intdays
[1] 112 104  58  91

$Pintsampest
[1] 25.196562399  2.147962694  0.005508757  0.394256670

$Pintboots
           [,1]       [,2]        [,3]      [,4]
 [1,]  6.690711 3.74761541 0.005508757 0.3942567
 [2,] 45.428940 3.75749319 0.011017514 0.1910540
 [3,] 43.675112 1.60953049 0.005508757 0.5853106
 [4,] 26.520322 2.14796269 0.005508757 0.3942567
 [5,] 23.658590 1.07686440 0.000000000 0.5974594
 [6,] 46.337836 1.59965272 0.000000000 0.4064054
 [7,]  2.772017 0.54830997 0.005508757 0.0000000
 [8,]  4.854891 0.01975554 0.011017514 0.1910540
 [9,] 65.032241 2.13808492 0.000000000 0.5853106
[10,]  3.914870 1.59965272 0.000000000 0.3821079
[11,] 24.727098 3.74761541 0.005508757 0.2032027
[12,] 25.714161 1.59965272 0.000000000 0.2032027
[13,] 28.641968 5.33739036 0.000000000 0.9795673
[14,] 29.002139 3.22893875 0.016526271 0.5974594
[15,] 25.260452 1.62517438 0.005508757 0.1910540
[16,] 24.541275 1.60953049 0.005508757 0.2032027
[17,] 43.674019 0.00000000 0.000000000 0.5974594
[18,] 25.227688 2.67651713 0.000000000 0.6096081
[19,]  4.419283 2.14796269 0.005508757 0.5974594
[20,] 24.695972 3.22893875 0.016526271 0.1910540
[21,]  6.291768 2.14796269 0.005508757 0.7885133
[22,] 25.899984 3.75749319 0.011017514 0.2032027
[23,] 43.520415 0.00000000 0.000000000 0.3942567
[24,] 30.636220 5.88570034 0.005508757 0.5853106
[25,] 25.746379 3.74761541 0.005508757 0.4064054
[26,] 25.121125 2.15784047 0.011017514 0.2032027
[27,]  6.295591 3.75749319 0.011017514 0.2032027
[28,]  3.945996 2.15784047 0.011017514 0.1910540
[29,] 24.722182 0.53843220 0.000000000 0.7763646
[30,]  6.292860 3.74761541 0.005508757 0.5974594
[31,] 89.543483 4.79895816 0.000000000 0.7763646
[32,]  5.839151 3.75338153 0.000000000 0.1910540
[33,]  3.791299 0.54830997 0.005508757 0.0000000
[34,]  3.214179 0.00000000 0.000000000 0.5853106
[35,] 22.530015 0.55818774 0.011017514 0.2032027
[36,] 26.414852 3.20918321 0.005508757 0.5974594
[37,]  3.870559 2.13808492 0.000000000 0.7763646
[38,]  3.462253 3.22482710 0.005508757 0.3942567
[39,]  4.341116 2.14796269 0.005508757 0.2032027
[40,] 25.501041 2.13808492 0.000000000 0.0000000
[41,] 25.275823 3.74761541 0.005508757 0.3942567
[42,]  4.539032 1.59965272 0.000000000 0.2032027
[43,] 24.537452 0.00000000 0.000000000 0.4064054
[44,]  5.043445 2.15784047 0.011017514 0.5974594
[45,]  5.392235 1.61940826 0.011017514 0.0000000
[46,] 49.707805 4.79895816 0.000000000 0.5853106
[47,] 45.228839 1.10649772 0.016526271 0.3942567
[48,] 26.493020 3.21906098 0.011017514 0.2032027
[49,] 24.297029 1.60953049 0.005508757 0.3942567
[50,] 48.719649 5.34726813 0.005508757 0.2032027

$Bdatesampinfo
       DATE JULIAN N         Mean        Stdev
1 9/15/2007    623 7 81.723169790 191.02025966
2  1/5/2008    735 7 11.664570482  20.05875118
3 4/18/2008    839 7  0.007420201   0.01963201
4 6/15/2008    897 7  0.000000000   0.00000000
5 9/14/2008    988 7  0.420622174   0.74230794

$Ndatesampinfo
       DATE JULIAN N       Mean      Stdev
1 9/15/2007    623 7 353.134286 646.017216
2  1/5/2008    735 7 104.877143 243.661999
3 4/18/2008    839 7   2.001429   5.295282
4 6/15/2008    897 7   0.000000   0.000000
5 9/14/2008    988 7  52.594286 115.443727

$Bdateboots
            [,1]      [,2]        [,3] [,4]      [,5]
 [1,]   8.950701 16.916282 0.007420201    0 0.4206222
 [2,] 146.539951 16.916282 0.014840402    0 0.1640230
 [3,] 147.098652  5.251712 0.007420201    0 0.5846452
 [4,]  83.024150 11.664570 0.007420201    0 0.4206222
 [5,]  75.068463 12.825717 0.000000000    0 0.6772214
 [6,] 162.267746  5.251712 0.000000000    0 0.5131984
 [7,]   8.453194  6.412859 0.007420201    0 0.0000000
 [8,]  23.622288  0.000000 0.014840402    0 0.1640230
 [9,] 220.429821 11.664570 0.000000000    0 0.5846452
[10,]   8.453194  5.251712 0.000000000    0 0.3280460
[11,]  73.269976 16.916282 0.007420201    0 0.2565992
[12,]  82.840570  5.251712 0.000000000    0 0.2565992
[13,]  81.723170 22.167994 0.000000000    0 1.0052673
[14,]  96.892264 10.503424 0.022260602    0 0.6772214
[15,]  76.124670 19.238576 0.007420201    0 0.1640230
[16,]  81.661976  5.251712 0.007420201    0 0.2565992
[17,] 148.835945  0.000000 0.000000000    0 0.6772214
[18,]  81.164470 18.077429 0.000000000    0 0.7697976
[19,]   8.392001 11.664570 0.007420201    0 0.6772214
[20,]  73.828676 10.503424 0.022260602    0 0.1640230
[21,]  10.251681 11.664570 0.007420201    0 0.8412443
[22,]  74.448569 16.916282 0.014840402    0 0.2565992
[23,] 154.931952  0.000000 0.000000000    0 0.4206222
[24,]  95.652477 28.580853 0.007420201    0 0.5846452
[25,]  80.544576 16.916282 0.007420201    0 0.5131984
[26,]  81.661976 11.664570 0.014840402    0 0.2565992
[27,]   2.295994 16.916282 0.014840402    0 0.2565992
[28,]   7.894494 11.664570 0.014840402    0 0.1640230
[29,]  82.962957  6.412859 0.000000000    0 0.7486681
[30,]   8.514387 16.916282 0.007420201    0 0.6772214
[31,] 300.913204 15.755136 0.000000000    0 0.7486681
[32,]   1.798487 30.903146 0.000000000    0 0.1640230
[33,]  15.727795  6.412859 0.007420201    0 0.0000000
[34,]   9.509401  0.000000 0.000000000    0 0.5846452
[35,]  74.509763  6.412859 0.014840402    0 0.2565992
[36,]  81.784363 10.503424 0.007420201    0 0.6772214
[37,]   7.833301 11.664570 0.000000000    0 0.7486681
[38,]   0.000000 24.490288 0.007420201    0 0.4206222
[39,]  14.549201 11.664570 0.007420201    0 0.2565992
[40,]  75.749549 11.664570 0.000000000    0 0.0000000
[41,]  73.828676 16.916282 0.007420201    0 0.4206222
[42,]   9.073087  5.251712 0.000000000    0 0.2565992
[43,]  89.617664  0.000000 0.000000000    0 0.5131984
[44,]   9.011894 11.664570 0.014840402    0 0.6772214
[45,]   3.658167  5.251712 0.014840402    0 0.0000000
[46,] 162.206553 15.755136 0.000000000    0 0.5846452
[47,] 155.490652 12.825717 0.022260602    0 0.4206222
[48,]  75.627163 10.503424 0.014840402    0 0.2565992
[49,]  75.129656  5.251712 0.007420201    0 0.4206222
[50,] 154.373252 22.167994 0.007420201    0 0.2565992

$Ndateboots
            [,1]      [,2]     [,3] [,4]       [,5]
 [1,]  101.65714 198.19143 2.001429    0  52.594286
 [2,]  501.25143 198.19143 4.002857    0  44.241429
 [3,]  509.98857  93.31429 2.001429    0  96.835714
 [4,]  399.37429 104.87714 2.001429    0  52.594286
 [5,]  296.01429  23.12571 0.000000    0  60.947143
 [6,]  679.20571  93.31429 0.000000    0  16.705714
 [7,]  102.50857  11.56286 2.001429    0   0.000000
 [8,]  271.72571   0.00000 4.002857    0  44.241429
 [9,]  770.20286 104.87714 0.000000    0  96.835714
[10,]  102.50857  93.31429 0.000000    0  88.482857
[11,]  250.62571 198.19143 2.001429    0   8.352857
[12,]  370.60857  93.31429 0.000000    0   8.352857
[13,]  353.13429 291.50571 0.000000    0 149.430000
[14,]  522.35143 186.62857 6.004286    0  60.947143
[15,]  303.90000  34.68857 2.001429    0  44.241429
[16,]  343.54571  93.31429 2.001429    0   8.352857
[17,]  545.78857   0.00000 0.000000    0  60.947143
[18,]  344.39714 116.44000 0.000000    0  25.058571
[19,]   92.92000 104.87714 2.001429    0  60.947143
[20,]  259.36286 186.62857 6.004286    0  44.241429
[21,]  147.89714 104.87714 2.001429    0 105.188571
[22,]  277.68857 198.19143 4.002857    0   8.352857
[23,]  594.17143   0.00000 0.000000    0  52.594286
[24,]  485.70000 303.06857 2.001429    0  96.835714
[25,]  326.07143 198.19143 2.001429    0  16.705714
[26,]  343.54571 104.87714 4.002857    0   8.352857
[27,]   44.53714 198.19143 4.002857    0   8.352857
[28,]   93.77143 104.87714 4.002857    0  44.241429
[29,]  389.78571  11.56286 0.000000    0 141.077143
[30,]  112.09714 198.19143 2.001429    0  60.947143
[31,] 1086.68571 279.94286 0.000000    0 141.077143
[32,]   45.38857 139.56571 0.000000    0  44.241429
[33,]  177.95429  11.56286 2.001429    0   0.000000
[34,]  110.39429   0.00000 0.000000    0  96.835714
[35,]  287.27714  11.56286 4.002857    0   8.352857
[36,]  362.72286 186.62857 2.001429    0  60.947143
[37,]   84.18286 104.87714 0.000000    0 141.077143
[38,]    0.00000 128.00286 2.001429    0  52.594286
[39,]  150.89143 104.87714 2.001429    0   8.352857
[40,]  323.92857 104.87714 0.000000    0   0.000000
[41,]  259.36286 198.19143 2.001429    0  52.594286
[42,]  120.83429  93.31429 0.000000    0   8.352857
[43,]  446.90571   0.00000 0.000000    0  16.705714
[44,]  111.24571 104.87714 4.002857    0  60.947143
[45,]  100.36571  93.31429 4.002857    0   0.000000
[46,]  669.61714 279.94286 0.000000    0  96.835714
[47,]  602.90857  23.12571 6.004286    0  52.594286
[48,]  304.75143 186.62857 4.002857    0   8.352857
[49,]  305.60286  93.31429 2.001429    0  52.594286
[50,]  585.43429 291.50571 2.001429    0   8.352857

