$totdays
[1] 365

$Psampest
[1] 6.578442

$Pbootest
     Mean      2.5%       50%     97.5% 
 6.986548  0.000000  5.706670 18.480284 

$Pboots
 [1]  5.539178  1.743544 13.156884  9.669795  0.000000  8.321986  2.782808 19.031045 10.065531
[10] 15.543956  0.000000 11.413339  2.078527  1.039264  7.617705  5.874161  1.408562  1.039264
[19]  5.874161  7.987004  0.000000  6.913425  3.822072  2.782808  4.834897 11.413339  2.447825
[28] 15.913254  1.039264  6.243459 12.117620 10.709058  6.639195  3.117791  4.834897  5.230633
[37]  2.078527  9.669795  5.539178 10.709058  1.039264 20.748152 16.583219 10.709058  4.895651
[46]  6.243459  5.539178 16.248237  5.539178  5.539178

$Bboots
 [1] 0.98944923 0.19109020 2.16488943 1.78270902 0.00000000 1.27353492 0.28408569 3.14923943
 [9] 1.46462513 2.76705902 0.00000000 1.97379923 0.18599097 0.09299549 1.17544020 0.98435000
[17] 0.19618944 0.09299549 0.98435000 1.27863415 0.00000000 1.07734548 0.37708118 0.28408569
[25] 0.89135451 1.97379923 0.28918492 2.87025297 0.09299549 1.08754395 2.07189395 1.87570451
[33] 0.76946005 0.27898646 0.89135451 0.57327061 0.18599097 1.78270902 0.98944923 1.87570451
[41] 0.09299549 3.76160748 2.86005451 1.87570451 0.57836985 1.08754395 0.98944923 2.86515374
[49] 0.98944923 0.98944923

$Nboots
 [1]  2.5683929  1.3705357  6.9950000  4.2539286  0.0000000  4.8680357  2.2996429 10.0510714
 [9]  6.2385714  7.3100000  0.0000000  5.6244643  1.8582143  0.9291071  4.4266071  3.0560714
[17]  0.8828571  0.9291071  3.0560714  4.3803571  0.0000000  3.9851786  3.2287500  2.2996429
[25]  2.1269643  5.6244643  1.8119643  7.2637500  0.9291071  3.0098214  6.0658929  5.1830357
[33]  4.9944643  2.7873214  2.1269643  4.1116071  1.8582143  4.2539286  2.5683929  5.1830357
[41]  0.9291071  9.3907143  8.2391071  5.1830357  3.6239286  3.0098214  2.5683929  7.7514286
[49]  2.5683929  2.5683929

$julians
[1] 623 735 839 897 988

$intdays
[1] 112 104  58  91

$Pintsampest
[1] 0.0000000 0.0000000 0.2741496 6.3042923

$Pintboots
      [,1] [,2]      [,3]       [,4]
 [1,]    0    0 0.2741496  5.2650288
 [2,]    0    0 0.2741496  1.4693948
 [3,]    0    0 0.5482992 12.6085846
 [4,]    0    0 0.0000000  9.6697949
 [5,]    0    0 0.0000000  0.0000000
 [6,]    0    0 0.5482992  7.7736871
 [7,]    0    0 0.2741496  2.5086584
 [8,]    0    0 0.5482992 18.4827456
 [9,]    0    0 0.8224488  9.2430819
[10,]    0    0 0.0000000 15.5439559
[11,]    0    0 0.0000000  0.0000000
[12,]    0    0 0.2741496 11.1391898
[13,]    0    0 0.0000000  2.0785271
[14,]    0    0 0.0000000  1.0392635
[15,]    0    0 0.2741496  7.3435558
[16,]    0    0 0.0000000  5.8741610
[17,]    0    0 0.5482992  0.8602626
[18,]    0    0 0.0000000  1.0392635
[19,]    0    0 0.0000000  5.8741610
[20,]    0    0 0.8224488  7.1645549
[21,]    0    0 0.0000000  0.0000000
[22,]    0    0 0.0000000  6.9134245
[23,]    0    0 0.2741496  3.5479219
[24,]    0    0 0.2741496  2.5086584
[25,]    0    0 0.0000000  4.8348975
[26,]    0    0 0.2741496 11.1391898
[27,]    0    0 0.5482992  1.8995261
[28,]    0    0 0.5482992 15.3649550
[29,]    0    0 0.0000000  1.0392635
[30,]    0    0 0.5482992  5.6951600
[31,]    0    0 0.5482992 11.5693210
[32,]    0    0 0.0000000 10.7090585
[33,]    0    0 1.3707481  5.2684471
[34,]    0    0 0.0000000  3.1177906
[35,]    0    0 0.0000000  4.8348975
[36,]    0    0 0.8224488  4.4081845
[37,]    0    0 0.0000000  2.0785271
[38,]    0    0 0.0000000  9.6697949
[39,]    0    0 0.2741496  5.2650288
[40,]    0    0 0.0000000 10.7090585
[41,]    0    0 0.0000000  1.0392635
[42,]    0    0 0.5482992 20.1998524
[43,]    0    0 0.0000000 16.5832195
[44,]    0    0 0.0000000 10.7090585
[45,]    0    0 1.0965985  3.7990522
[46,]    0    0 0.5482992  5.6951600
[47,]    0    0 0.2741496  5.2650288
[48,]    0    0 0.2741496 15.9740872
[49,]    0    0 0.2741496  5.2650288
[50,]    0    0 0.2741496  5.2650288

$Bdatesampinfo
       DATE JULIAN N      Mean     Stdev
1 9/15/2007    623 7 0.0000000  0.000000
2  1/5/2008    735 7 0.0000000  0.000000
3 4/18/2008    839 7 0.0000000  0.000000
4 6/15/2008    897 7 0.3923789  1.038137
5 9/14/2008    988 7 7.8748000 18.639678

$Ndatesampinfo
       DATE JULIAN N      Mean     Stdev
1 9/15/2007    623 7  0.000000  0.000000
2  1/5/2008    735 7  0.000000  0.000000
3 4/18/2008    839 7  0.000000  0.000000
4 6/15/2008    897 7  1.765714  4.671641
5 9/14/2008    988 7 24.448571 46.025689

$Bdateboots
      [,1] [,2] [,3]      [,4]       [,5]
 [1,]    0    0    0 0.3923789  7.1308361
 [2,]    0    0    0 0.3923789  0.7439639
 [3,]    0    0    0 0.7847577 15.7496000
 [4,]    0    0    0 0.0000000 14.2616722
 [5,]    0    0    0 0.0000000  0.0000000
 [6,]    0    0    0 0.7847577  8.6187639
 [7,]    0    0    0 0.3923789  1.4879278
 [8,]    0    0    0 0.7847577 23.6243999
 [9,]    0    0    0 1.1771366  9.3627278
[10,]    0    0    0 0.0000000 22.1364722
[11,]    0    0    0 0.0000000  0.0000000
[12,]    0    0    0 0.3923789 15.0056361
[13,]    0    0    0 0.0000000  1.4879278
[14,]    0    0    0 0.0000000  0.7439639
[15,]    0    0    0 0.3923789  8.6187639
[16,]    0    0    0 0.0000000  7.8748000
[17,]    0    0    0 0.7847577  0.0000000
[18,]    0    0    0 0.0000000  0.7439639
[19,]    0    0    0 0.0000000  7.8748000
[20,]    0    0    0 1.1771366  7.8748000
[21,]    0    0    0 0.0000000  0.0000000
[22,]    0    0    0 0.0000000  8.6187639
[23,]    0    0    0 0.3923789  2.2318917
[24,]    0    0    0 0.3923789  1.4879278
[25,]    0    0    0 0.0000000  7.1308361
[26,]    0    0    0 0.3923789 15.0056361
[27,]    0    0    0 0.7847577  0.7439639
[28,]    0    0    0 0.7847577 21.3925083
[29,]    0    0    0 0.0000000  0.7439639
[30,]    0    0    0 0.7847577  7.1308361
[31,]    0    0    0 0.7847577 15.0056361
[32,]    0    0    0 0.0000000 15.0056361
[33,]    0    0    0 1.9618944  2.2318917
[34,]    0    0    0 0.0000000  2.2318917
[35,]    0    0    0 0.0000000  7.1308361
[36,]    0    0    0 1.1771366  2.2318917
[37,]    0    0    0 0.0000000  1.4879278
[38,]    0    0    0 0.0000000 14.2616722
[39,]    0    0    0 0.3923789  7.1308361
[40,]    0    0    0 0.0000000 15.0056361
[41,]    0    0    0 0.0000000  0.7439639
[42,]    0    0    0 0.7847577 28.5233444
[43,]    0    0    0 0.0000000 22.8804361
[44,]    0    0    0 0.0000000 15.0056361
[45,]    0    0    0 1.5695155  1.4879278
[46,]    0    0    0 0.7847577  7.1308361
[47,]    0    0    0 0.3923789  7.1308361
[48,]    0    0    0 0.3923789 22.1364722
[49,]    0    0    0 0.3923789  7.1308361
[50,]    0    0    0 0.3923789  7.1308361

$Ndateboots
      [,1] [,2] [,3]     [,4]      [,5]
 [1,]    0    0    0 1.765714 17.015714
 [2,]    0    0    0 1.765714  7.432857
 [3,]    0    0    0 3.531429 48.897143
 [4,]    0    0    0 0.000000 34.031429
 [5,]    0    0    0 0.000000  0.000000
 [6,]    0    0    0 3.531429 31.881429
 [7,]    0    0    0 1.765714 14.865714
 [8,]    0    0    0 3.531429 73.345714
 [9,]    0    0    0 5.297143 39.314286
[10,]    0    0    0 0.000000 58.480000
[11,]    0    0    0 0.000000  0.000000
[12,]    0    0    0 1.765714 41.464286
[13,]    0    0    0 0.000000 14.865714
[14,]    0    0    0 0.000000  7.432857
[15,]    0    0    0 1.765714 31.881429
[16,]    0    0    0 0.000000 24.448571
[17,]    0    0    0 3.531429  0.000000
[18,]    0    0    0 0.000000  7.432857
[19,]    0    0    0 0.000000 24.448571
[20,]    0    0    0 5.297143 24.448571
[21,]    0    0    0 0.000000  0.000000
[22,]    0    0    0 0.000000 31.881429
[23,]    0    0    0 1.765714 22.298571
[24,]    0    0    0 1.765714 14.865714
[25,]    0    0    0 0.000000 17.015714
[26,]    0    0    0 1.765714 41.464286
[27,]    0    0    0 3.531429  7.432857
[28,]    0    0    0 3.531429 51.047143
[29,]    0    0    0 0.000000  7.432857
[30,]    0    0    0 3.531429 17.015714
[31,]    0    0    0 3.531429 41.464286
[32,]    0    0    0 0.000000 41.464286
[33,]    0    0    0 8.828571 22.298571
[34,]    0    0    0 0.000000 22.298571
[35,]    0    0    0 0.000000 17.015714
[36,]    0    0    0 5.297143 22.298571
[37,]    0    0    0 0.000000 14.865714
[38,]    0    0    0 0.000000 34.031429
[39,]    0    0    0 1.765714 17.015714
[40,]    0    0    0 0.000000 41.464286
[41,]    0    0    0 0.000000  7.432857
[42,]    0    0    0 3.531429 68.062857
[43,]    0    0    0 0.000000 65.912857
[44,]    0    0    0 0.000000 41.464286
[45,]    0    0    0 7.062857 14.865714
[46,]    0    0    0 3.531429 17.015714
[47,]    0    0    0 1.765714 17.015714
[48,]    0    0    0 1.765714 58.480000
[49,]    0    0    0 1.765714 17.015714
[50,]    0    0    0 1.765714 17.015714

