$totdays
[1] 365

$cpi
 [1] 361.4875 339.8422 350.9276 361.4534 349.6260 349.2827 355.6178 339.1385 347.0457 349.8166
[11] 345.9614 341.3474 363.2034 351.0075 340.5211 335.5136 356.2893 346.3850 356.6272 359.4169
[21] 360.9493 345.0812 359.6803 356.4768 355.9385 353.9297 346.1314 348.1194 352.4253 353.3738
[31] 348.8693 345.9947 338.0175 353.5982 364.7665 350.0943 343.6545 348.7834 356.0461 335.2042
[41] 352.4046 358.5326 350.3807 342.8566 362.6576 355.9676 362.8454 363.1435 360.5856 353.2074

$Psampest
[1] 6.771805

$Pbootest
      Mean       2.5%        50%      97.5% 
 7.9346895  0.7167277  7.2349963 15.8721698 

$Pboots
 [1]  3.2453625 12.5446866 11.1892854  9.8687856  6.7790488 10.2126614  9.0060942 11.0481931
 [9]  2.1037551  6.8964911  5.7832193  5.7372484  6.0036113 19.1977111  8.7403669  4.2355106
[17]  3.9437974  7.4837778  7.3220145  0.0000000  2.0227197  5.9207687  3.9509289 15.9457382
[25]  0.6240876  5.6530161  9.2529236 10.8848918  1.0358212  5.1532083 15.6187675  9.2565814
[33] 15.0402236  7.8673158  7.1066518 13.8745764 10.9856403  5.6681437  7.1340622 10.6435941
[41] 14.0815435  5.4622511 11.3276916 12.6943527  7.1479781  6.6582792  7.8206257  2.5917651
[49]  3.8695243 10.0991809

$Bboots
 [1] 0.51032498 1.03259549 2.04041280 1.88547059 1.19789779 1.88547059 1.16088981 1.96294170
 [9] 0.15494221 1.15743466 0.91653097 0.95699410 0.99400207 2.29513174 0.91998612 0.47331701
[17] 0.67375757 1.23490576 0.84251502 0.00000000 0.15494221 0.87606783 0.31837480 1.27349918
[25] 0.03700797 0.91653097 1.16088981 1.92247857 0.07747111 0.83905986 1.92593373 1.16088981
[33] 1.84846262 1.43880148 1.23490576 1.60755893 1.87165535 0.73928314 1.14894428 1.23836092
[41] 2.43280355 0.95699410 1.99994967 2.33213971 1.23490576 1.19789779 1.08341871 0.34689239
[49] 0.54733295 1.88547059

$Nboots
 [1]  3.5548214  3.8166071  9.2819643  8.3055357  5.9301786  8.3055357  4.4612500  8.7937500
 [9]  0.9764286  6.9108929  6.2896429  5.3089286  6.7778571  8.5907143  3.8400000  2.0858929
[17]  3.6878571  7.3991071  3.3517857  0.0000000  0.9764286  7.2703571  1.1094643  4.4378571
[25]  1.4689286  6.2896429  4.4612500  9.7744643  0.4882143  5.8014286  7.3248214  4.4612500
[33]  6.8366071  6.5514286  7.3991071  6.2153571  9.6180357  7.4691071  7.7542857  4.9494643
[41] 13.3292857  5.3089286 10.2626786 10.0596429  7.3991071  5.9301786  3.9730357  3.4217857
[49]  5.0237500  8.3055357

$julians
[1] 623 735 839 897 988

$intdays
[1] 112 104  58  91

$Bdatesampinfo
       DATE JULIAN N      Mean      Stdev
1 9/15/2007    623 7 9.2871185 16.1679554
2  1/5/2008    735 7 0.0000000  0.0000000
3 4/18/2008    839 7 0.0000000  0.0000000
4 6/15/2008    897 7 0.0000000  0.0000000
5 9/14/2008    988 7 0.2960638  0.7833112

$Ndatesampinfo
       DATE JULIAN N     Mean    Stdev
1 9/15/2007    623 7 35.69000 59.73066
2  1/5/2008    735 7  0.00000  0.00000
3 4/18/2008    839 7  0.00000  0.00000
4 6/15/2008    897 7  0.00000  0.00000
5 9/14/2008    988 7 11.75143 31.09136

$Bdateboots
            [,1] [,2] [,3] [,4]      [,5]
 [1,]  3.7865360    0    0    0 0.2960638
 [2,]  8.2607639    0    0    0 0.0000000
 [3,] 16.0272386    0    0    0 0.2960638
 [4,] 14.7877010    0    0    0 0.2960638
 [5,]  9.2871185    0    0    0 0.2960638
 [6,] 14.7877010    0    0    0 0.2960638
 [7,]  9.2871185    0    0    0 0.0000000
 [8,] 15.4074698    0    0    0 0.2960638
 [9,]  1.2395377    0    0    0 0.0000000
[10,]  8.6673497    0    0    0 0.5921276
[11,]  6.7401201    0    0    0 0.5921276
[12,]  7.3598890    0    0    0 0.2960638
[13,]  7.3598890    0    0    0 0.5921276
[14,] 18.3610539    0    0    0 0.0000000
[15,]  7.3598890    0    0    0 0.0000000
[16,]  3.7865360    0    0    0 0.0000000
[17,]  5.0939967    0    0    0 0.2960638
[18,]  9.2871185    0    0    0 0.5921276
[19,]  6.7401201    0    0    0 0.0000000
[20,]  0.0000000    0    0    0 0.0000000
[21,]  1.2395377    0    0    0 0.0000000
[22,]  6.1203513    0    0    0 0.8881914
[23,]  2.5469984    0    0    0 0.0000000
[24,] 10.1879935    0    0    0 0.0000000
[25,]  0.0000000    0    0    0 0.2960638
[26,]  6.7401201    0    0    0 0.5921276
[27,]  9.2871185    0    0    0 0.0000000
[28,] 14.7877010    0    0    0 0.5921276
[29,]  0.6197688    0    0    0 0.0000000
[30,]  6.1203513    0    0    0 0.5921276
[31,] 15.4074698    0    0    0 0.0000000
[32,]  9.2871185    0    0    0 0.0000000
[33,] 14.7877010    0    0    0 0.0000000
[34,] 11.2143480    0    0    0 0.2960638
[35,]  9.2871185    0    0    0 0.5921276
[36,] 12.8604714    0    0    0 0.0000000
[37,] 14.3811152    0    0    0 0.5921276
[38,]  5.0260737    0    0    0 0.8881914
[39,]  8.5994267    0    0    0 0.5921276
[40,]  9.9068873    0    0    0 0.0000000
[41,] 18.5742370    0    0    0 0.8881914
[42,]  7.3598890    0    0    0 0.2960638
[43,] 15.4074698    0    0    0 0.5921276
[44,] 18.3610539    0    0    0 0.2960638
[45,]  9.2871185    0    0    0 0.5921276
[46,]  9.2871185    0    0    0 0.2960638
[47,]  8.6673497    0    0    0 0.0000000
[48,]  2.4790754    0    0    0 0.2960638
[49,]  3.7865360    0    0    0 0.5921276
[50,] 14.7877010    0    0    0 0.2960638

$Ndateboots
           [,1] [,2] [,3] [,4]     [,5]
 [1,] 16.687143    0    0    0 11.75143
 [2,] 30.532857    0    0    0  0.00000
 [3,] 62.504286    0    0    0 11.75143
 [4,] 54.692857    0    0    0 11.75143
 [5,] 35.690000    0    0    0 11.75143
 [6,] 54.692857    0    0    0 11.75143
 [7,] 35.690000    0    0    0  0.00000
 [8,] 58.598571    0    0    0 11.75143
 [9,]  7.811429    0    0    0  0.00000
[10,] 31.784286    0    0    0 23.50286
[11,] 26.814286    0    0    0 23.50286
[12,] 30.720000    0    0    0 11.75143
[13,] 30.720000    0    0    0 23.50286
[14,] 68.725714    0    0    0  0.00000
[15,] 30.720000    0    0    0  0.00000
[16,] 16.687143    0    0    0  0.00000
[17,] 17.751429    0    0    0 11.75143
[18,] 35.690000    0    0    0 23.50286
[19,] 26.814286    0    0    0  0.00000
[20,]  0.000000    0    0    0  0.00000
[21,]  7.811429    0    0    0  0.00000
[22,] 22.908571    0    0    0 35.25429
[23,]  8.875714    0    0    0  0.00000
[24,] 35.502857    0    0    0  0.00000
[25,]  0.000000    0    0    0 11.75143
[26,] 26.814286    0    0    0 23.50286
[27,] 35.690000    0    0    0  0.00000
[28,] 54.692857    0    0    0 23.50286
[29,]  3.905714    0    0    0  0.00000
[30,] 22.908571    0    0    0 23.50286
[31,] 58.598571    0    0    0  0.00000
[32,] 35.690000    0    0    0  0.00000
[33,] 54.692857    0    0    0  0.00000
[34,] 40.660000    0    0    0 11.75143
[35,] 35.690000    0    0    0 23.50286
[36,] 49.722857    0    0    0  0.00000
[37,] 53.441429    0    0    0 23.50286
[38,] 24.498571    0    0    0 35.25429
[39,] 38.531429    0    0    0 23.50286
[40,] 39.595714    0    0    0  0.00000
[41,] 71.380000    0    0    0 35.25429
[42,] 30.720000    0    0    0 11.75143
[43,] 58.598571    0    0    0 23.50286
[44,] 68.725714    0    0    0 11.75143
[45,] 35.690000    0    0    0 23.50286
[46,] 35.690000    0    0    0 11.75143
[47,] 31.784286    0    0    0  0.00000
[48,] 15.622857    0    0    0 11.75143
[49,] 16.687143    0    0    0 23.50286
[50,] 54.692857    0    0    0 11.75143

