$totdays
[1] 365

$Psampest
[1] 35.7546

$Pbootest
     Mean      2.5%       50%     97.5% 
35.434783  7.308234 35.943808 61.348346 

$Pboots
 [1] 35.103174 47.013762 42.274195 46.250425 10.057791 32.535226 36.133014 50.385003 16.056599
[10] 49.925749 21.732013 52.533652 22.876493 32.423316 32.991174  8.253181 32.318495 51.253161
[19] 24.914741 51.513629 38.666589 47.838305 18.749004 19.583364 11.574649 63.907451 37.569031
[28] 21.093133 39.352391  7.033895 46.033694 34.237745 49.324094 14.468719 42.305264 18.066507
[37] 25.668260 47.084785  5.675415 50.976840 31.781706 51.141251 19.573546 34.886444 35.754602
[46] 39.615588 51.169591 48.375094 75.051973 48.635440

$Bboots
 [1] 19.776167 26.008147 25.177304 25.376314  5.494830 18.307298 21.778861 30.620738  9.678913
[10] 27.354720 12.584856 31.335478 13.114707 17.975484 18.516817  4.657794 19.731307 29.496747
[19] 14.898354 29.615766 21.422760 27.637359  9.957921 11.870115  6.475515 35.794597 21.196204
[28] 10.763162 23.547749  3.816442 26.800323 19.095501 29.849572  7.417867 23.945776 10.889431
[37] 15.247205 27.288508  2.905943 27.842905 17.958446 29.164933 11.587134 21.200177 20.076186
[46] 21.862111 29.738062 29.410220 43.199400 25.233008

$Nboots
 [1] 12.791384 15.109286 14.336652 15.624375  3.863170 11.503661 13.564018 18.457366  6.696161
[10] 16.311161  8.584821 20.174330  7.983884 11.417813 11.503661  2.060357 11.675357 17.684732
[19]  8.842366 18.285670 13.392321 17.598884  5.494286  6.867857  3.949018 21.719598 12.877232
[28]  6.610313 14.250804  2.575446 15.796071 12.104598 18.371518  4.721652 13.649866  6.782009
[37]  9.443304 16.997946  1.888661 17.513036 10.902723 17.598884  7.983884 12.963080 12.190446
[46] 13.392321 18.371518 18.371518 26.012009 14.937589

$julians
[1] 623 735 839 897 988

$intdays
[1] 112 104  58  91

$Pintsampest
[1]  1.273501 11.687813  5.858712 16.934575

$Pintboots
           [,1]       [,2]       [,3]      [,4]
 [1,] 1.6642153 13.2154375  6.5083221 13.715199
 [2,] 0.0000000 10.5052764  5.8587118 30.649774
 [3,] 0.8827876 20.6654658 11.0678134  9.658128
 [4,] 1.2735015 11.6878135  5.8587118 27.430398
 [5,] 1.6642153  3.8749795  1.2992205  3.219376
 [6,] 1.2735015 11.6878135  5.8587118 13.715199
 [7,] 1.7655753 22.6500155 11.7174237  0.000000
 [8,] 0.8827876 30.0059238 16.2769150  3.219376
 [9,] 0.7814277 10.0660694  5.2091016  0.000000
[10,] 0.7814277 10.0660694  5.2091016 33.869150
[11,] 2.0549291 11.2486065  5.2091016  3.219376
[12,] 2.9377168 30.7492540 15.6273048  3.219376
[13,] 2.6483629 11.7996522  5.2091016  3.219376
[14,] 2.1562891 11.3427265  5.2091016 13.715199
[15,] 0.7814277 10.0660694  5.2091016 16.934575
[16,] 0.0000000  1.1648184  0.6496102  6.438752
[17,] 0.0000000 18.6809161 10.4182032  3.219376
[18,] 1.7655753 21.4851972 11.0678134 16.934575
[19,] 0.8827876 13.6546445  7.1579323  3.219376
[20,] 1.1721415 19.7693332 10.4182032 20.153951
[21,] 2.0549291 11.2486065  5.2091016 20.153951
[22,] 1.6642153 21.3910772 11.0678134 13.715199
[23,] 0.0000000  1.1648184  0.6496102 16.934575
[24,] 0.0000000 10.5052764  5.8587118  3.219376
[25,] 0.7814277  3.0552481  1.2992205  6.438752
[26,] 2.1562891 20.6831845 10.4182032 30.649774
[27,] 1.2735015 12.8526318  6.5083221 16.934575
[28,] 2.1562891  2.0022685  0.0000000 16.934575
[29,] 1.7655753 22.6500155 11.7174237  3.219376
[30,] 1.7655753  3.9690995  1.2992205  0.000000
[31,] 0.0000000 18.6809161 10.4182032 16.934575
[32,] 2.1562891 12.5075448  5.8587118 13.715199
[33,] 1.2735015 29.2039112 15.6273048  3.219376
[34,] 0.3907138  0.3628057  0.0000000 13.715199
[35,] 0.3907138 12.0329005  6.5083221 23.373327
[36,] 0.8827876 11.3250078  5.8587118  0.000000
[37,] 1.2735015 14.0174502  7.1579323  3.219376
[38,] 1.2735015 21.0282715 11.0678134 13.715199
[39,] 1.2735015  1.1825371  0.0000000  3.219376
[40,] 2.0549291 12.4134249  5.8587118 30.649774
[41,] 0.8827876 11.3250078  5.8587118 13.715199
[42,] 2.6483629 21.1401102 10.4182032 16.934575
[43,] 1.6642153 12.0506192  5.8587118  0.000000
[44,] 0.3907138 20.2085401 11.0678134  3.219376
[45,] 1.2735015 11.6878135  5.8587118 16.934575
[46,] 2.5470029 11.7055322  5.2091016 20.153951
[47,] 0.7814277 21.7361642 11.7174237 16.934575
[48,] 0.7814277 28.7469855 15.6273048  3.219376
[49,] 0.3907138 28.3841798 15.6273048 30.649774
[50,] 1.2735015  2.3473554  0.6496102 44.364973

$Bdatesampinfo
       DATE JULIAN N     Mean      Stdev
1 9/15/2007    623 5  0.00000   0.000000
2  1/5/2008    735 8  4.54822   9.221888
3 4/18/2008    839 7 40.40491  93.803599
4 6/15/2008    897 7  0.00000   0.000000
5 9/14/2008    988 7 70.70323 148.059004

$Ndatesampinfo
       DATE JULIAN N     Mean    Stdev
1 9/15/2007    623 5  0.00000  0.00000
2  1/5/2008    735 8  4.80750  8.90176
3 4/18/2008    839 7 24.72429 57.38395
4 6/15/2008    897 7  0.00000  0.00000
5 9/14/2008    988 7 38.46000 85.99917

$Bdateboots
      [,1]      [,2]       [,3] [,4]      [,5]
 [1,]    0  5.943626  44.884980    0  56.55213
 [2,]    0  0.000000  40.404909    0 127.25536
 [3,]    0  3.152813  76.329748    0  42.45331
 [4,]    0  4.548220  40.404909    0 113.10425
 [5,]    0  5.943626   8.960141    0  14.15110
 [6,]    0  4.548220  40.404909    0  56.55213
 [7,]    0  6.305626  80.809818    0   0.00000
 [8,]    0  3.152813 112.254586    0  14.15110
 [9,]    0  2.790813  35.924839    0   0.00000
[10,]    0  2.790813  35.924839    0 141.40646
[11,]    0  7.339033  35.924839    0  14.15110
[12,]    0 10.491846 107.774516    0  14.15110
[13,]    0  9.458439  35.924839    0  14.15110
[14,]    0  7.701033  35.924839    0  56.55213
[15,]    0  2.790813  35.924839    0  70.70323
[16,]    0  0.000000   4.480071    0  28.30221
[17,]    0  0.000000  71.849677    0  14.15110
[18,]    0  6.305626  76.329748    0  70.70323
[19,]    0  3.152813  49.365050    0  14.15110
[20,]    0  4.186220  71.849677    0  84.85433
[21,]    0  7.339033  35.924839    0  84.85433
[22,]    0  5.943626  76.329748    0  56.55213
[23,]    0  0.000000   4.480071    0  70.70323
[24,]    0  0.000000  40.404909    0  14.15110
[25,]    0  2.790813   8.960141    0  28.30221
[26,]    0  7.701033  71.849677    0 127.25536
[27,]    0  4.548220  44.884980    0  70.70323
[28,]    0  7.701033   0.000000    0  70.70323
[29,]    0  6.305626  80.809818    0  14.15110
[30,]    0  6.305626   8.960141    0   0.00000
[31,]    0  0.000000  71.849677    0  70.70323
[32,]    0  7.701033  40.404909    0  56.55213
[33,]    0  4.548220 107.774516    0  14.15110
[34,]    0  1.395407   0.000000    0  56.55213
[35,]    0  1.395407  44.884980    0  99.00544
[36,]    0  3.152813  40.404909    0   0.00000
[37,]    0  4.548220  49.365050    0  14.15110
[38,]    0  4.548220  76.329748    0  56.55213
[39,]    0  4.548220   0.000000    0  14.15110
[40,]    0  7.339033  40.404909    0 127.25536
[41,]    0  3.152813  40.404909    0  56.55213
[42,]    0  9.458439  71.849677    0  70.70323
[43,]    0  5.943626  40.404909    0   0.00000
[44,]    0  1.395407  76.329748    0  14.15110
[45,]    0  4.548220  40.404909    0  70.70323
[46,]    0  9.096439  35.924839    0  84.85433
[47,]    0  2.790813  80.809818    0  70.70323
[48,]    0  2.790813 107.774516    0  14.15110
[49,]    0  1.395407 107.774516    0 127.25536
[50,]    0  4.548220   4.480071    0 183.80748

$Ndateboots
      [,1]     [,2]      [,3] [,4]       [,5]
 [1,]    0  7.21125 27.471429    0  32.965714
 [2,]    0  0.00000 24.724286    0  71.425714
 [3,]    0  2.40375 46.701429    0  16.482857
 [4,]    0  4.80750 24.724286    0  65.931429
 [5,]    0  7.21125  5.494286    0   5.494286
 [6,]    0  4.80750 24.724286    0  32.965714
 [7,]    0  4.80750 49.448571    0   0.000000
 [8,]    0  2.40375 68.678571    0   5.494286
 [9,]    0  4.80750 21.977143    0   0.000000
[10,]    0  4.80750 21.977143    0  76.920000
[11,]    0  9.61500 21.977143    0   5.494286
[12,]    0 12.01875 65.931429    0   5.494286
[13,]    0  7.21125 21.977143    0   5.494286
[14,]    0  7.21125 21.977143    0  32.965714
[15,]    0  4.80750 21.977143    0  38.460000
[16,]    0  0.00000  2.747143    0  10.988571
[17,]    0  0.00000 43.954286    0   5.494286
[18,]    0  4.80750 46.701429    0  38.460000
[19,]    0  2.40375 30.218571    0   5.494286
[20,]    0  7.21125 43.954286    0  43.954286
[21,]    0  9.61500 21.977143    0  43.954286
[22,]    0  7.21125 46.701429    0  32.965714
[23,]    0  0.00000  2.747143    0  38.460000
[24,]    0  0.00000 24.724286    0   5.494286
[25,]    0  4.80750  5.494286    0  10.988571
[26,]    0  7.21125 43.954286    0  71.425714
[27,]    0  4.80750 27.471429    0  38.460000
[28,]    0  7.21125  0.000000    0  38.460000
[29,]    0  4.80750 49.448571    0   5.494286
[30,]    0  4.80750  5.494286    0   0.000000
[31,]    0  0.00000 43.954286    0  38.460000
[32,]    0  7.21125 24.724286    0  32.965714
[33,]    0  4.80750 65.931429    0   5.494286
[34,]    0  2.40375  0.000000    0  32.965714
[35,]    0  2.40375 27.471429    0  49.448571
[36,]    0  2.40375 24.724286    0   0.000000
[37,]    0  4.80750 30.218571    0   5.494286
[38,]    0  4.80750 46.701429    0  32.965714
[39,]    0  4.80750  0.000000    0   5.494286
[40,]    0  9.61500 24.724286    0  71.425714
[41,]    0  2.40375 24.724286    0  32.965714
[42,]    0  7.21125 43.954286    0  38.460000
[43,]    0  7.21125 24.724286    0   0.000000
[44,]    0  2.40375 46.701429    0   5.494286
[45,]    0  4.80750 24.724286    0  38.460000
[46,]    0  9.61500 21.977143    0  43.954286
[47,]    0  4.80750 49.448571    0  38.460000
[48,]    0  4.80750 65.931429    0   5.494286
[49,]    0  2.40375 65.931429    0  71.425714
[50,]    0  4.80750  2.747143    0 104.391429

