$totdays
[1] 365

$Psampest
[1] 34.38272

$Pbootest
      Mean       2.5%        50%      97.5% 
35.5802531  0.1052961 34.3827163 99.2716269 

$Pboots
 [1]   4.2087669  68.2974498  64.0886829   2.1043835  66.6610492   2.5723663  36.0191170
 [8]   5.1447325   0.0000000  34.3827163  38.5914832  66.6610492  33.9147335   2.5723663
[15]  34.3827163  66.1930664   0.4679828  36.0191170   2.1043835  64.0886829   0.9359656
[22]  36.0191170 100.1077999  31.8103501  36.0191170   3.0403491  36.4870998  32.7463157
[29]  66.6610492  66.1930664  31.8103501   0.0000000  36.0191170   4.6767497  32.7463157
[36]  35.3186820  31.8103501   0.9359656  34.3827163   0.4679828  67.8294670  31.8103501
[43]  32.2783329  36.4870998  98.0034164  32.7463157   2.1043835  99.6398171  36.0191170
[50]  95.4310502

$Bboots
 [1]  2.5980043 32.3091655 29.7111612  1.2990021 31.2672968  1.5561355 17.3250182  3.1122711
 [9]  0.0000000 16.2831495 18.8811537 31.2672968 16.0260160  1.5561355 16.2831495 31.0101634
[17]  0.2571334 17.3250182  1.2990021 29.7111612  0.5142668 17.3250182 47.0361794 14.7270139
[25] 17.3250182  1.8132690 17.5821516 15.2412807 31.2672968 31.0101634 14.7270139  0.0000000
[33] 17.3250182  2.8551377 15.2412807 16.7974163 14.7270139  0.5142668 16.2831495  0.2571334
[41] 32.0520321 14.7270139 14.9841473 17.5821516 45.7371773 15.2412807  1.2990021 46.7790460
[49] 17.3250182 44.1810417

$Nboots
 [1]  2.52  8.19  5.67  1.26  7.56  1.89  5.04  3.78  0.00  4.41  6.93  7.56  3.78  1.89  4.41
[16]  6.93  0.63  5.04  1.26  5.67  1.26  5.04 10.71  2.52  5.04  2.52  5.67  3.78  7.56  6.93
[31]  2.52  0.00  5.04  3.15  3.78  5.67  2.52  1.26  4.41  0.63  7.56  2.52  3.15  5.67  9.45
[46]  3.78  1.26 10.08  5.04  7.56

$julians
[1] 623 735 839 897 988

$intdays
[1] 112 104  58  91

$Pintsampest
[1] 16.4942556 16.6670567  0.7534212  0.4679828

$Pintboots
          [,1]      [,2]      [,3]      [,4]
 [1,]  0.00000  2.701924 1.5068425 0.0000000
 [2,] 32.98851 33.334113 1.5068425 0.4679828
 [3,] 32.98851 30.632189 0.0000000 0.4679828
 [4,]  0.00000  1.350962 0.7534212 0.0000000
 [5,] 32.98851 31.983151 0.7534212 0.9359656
 [6,]  0.00000  1.350962 0.7534212 0.4679828
 [7,] 16.49426 18.018019 1.5068425 0.0000000
 [8,]  0.00000  2.701924 1.5068425 0.9359656
 [9,]  0.00000  0.000000 0.0000000 0.0000000
[10,] 16.49426 16.667057 0.7534212 0.4679828
[11,] 16.49426 19.368981 2.2602637 0.4679828
[12,] 32.98851 31.983151 0.7534212 0.9359656
[13,] 16.49426 16.667057 0.7534212 0.0000000
[14,]  0.00000  1.350962 0.7534212 0.4679828
[15,] 16.49426 16.667057 0.7534212 0.4679828
[16,] 32.98851 31.983151 0.7534212 0.4679828
[17,]  0.00000  0.000000 0.0000000 0.4679828
[18,] 16.49426 18.018019 1.5068425 0.0000000
[19,]  0.00000  1.350962 0.7534212 0.0000000
[20,] 32.98851 30.632189 0.0000000 0.4679828
[21,]  0.00000  0.000000 0.0000000 0.9359656
[22,] 16.49426 18.018019 1.5068425 0.0000000
[23,] 49.48277 48.650208 1.5068425 0.4679828
[24,] 16.49426 15.316094 0.0000000 0.0000000
[25,] 16.49426 18.018019 1.5068425 0.0000000
[26,]  0.00000  1.350962 0.7534212 0.9359656
[27,] 16.49426 18.018019 1.5068425 0.4679828
[28,] 16.49426 15.316094 0.0000000 0.9359656
[29,] 32.98851 31.983151 0.7534212 0.9359656
[30,] 32.98851 31.983151 0.7534212 0.4679828
[31,] 16.49426 15.316094 0.0000000 0.0000000
[32,]  0.00000  0.000000 0.0000000 0.0000000
[33,] 16.49426 18.018019 1.5068425 0.0000000
[34,]  0.00000  2.701924 1.5068425 0.4679828
[35,] 16.49426 15.316094 0.0000000 0.9359656
[36,] 16.49426 16.667057 0.7534212 1.4039484
[37,] 16.49426 15.316094 0.0000000 0.0000000
[38,]  0.00000  0.000000 0.0000000 0.9359656
[39,] 16.49426 16.667057 0.7534212 0.4679828
[40,]  0.00000  0.000000 0.0000000 0.4679828
[41,] 32.98851 33.334113 1.5068425 0.0000000
[42,] 16.49426 15.316094 0.0000000 0.0000000
[43,] 16.49426 15.316094 0.0000000 0.4679828
[44,] 16.49426 18.018019 1.5068425 0.4679828
[45,] 49.48277 47.299246 0.7534212 0.4679828
[46,] 16.49426 15.316094 0.0000000 0.9359656
[47,]  0.00000  1.350962 0.7534212 0.0000000
[48,] 49.48277 48.650208 1.5068425 0.0000000
[49,] 16.49426 18.018019 1.5068425 0.0000000
[50,] 49.48277 45.948283 0.0000000 0.0000000

$Bdatesampinfo
       DATE JULIAN N      Mean      Stdev
1 9/15/2007    623 3  0.000000   0.000000
2  1/5/2008    735 3 58.908056 102.031745
3 4/18/2008    839 3  5.196009   8.999751
4 6/15/2008    897 3  0.000000   0.000000
5 9/14/2008    988 3  2.057067   3.562945

$Ndatesampinfo
       DATE JULIAN N  Mean     Stdev
1 9/15/2007    623 3  0.00  0.000000
2  1/5/2008    735 3 10.08 17.459072
3 4/18/2008    839 3  5.04  8.729536
4 6/15/2008    897 3  0.00  0.000000
5 9/14/2008    988 3  5.04  8.729536

$Bdateboots
      [,1]      [,2]      [,3] [,4]     [,5]
 [1,]    0   0.00000 10.392017    0 0.000000
 [2,]    0 117.81611 10.392017    0 2.057067
 [3,]    0 117.81611  0.000000    0 2.057067
 [4,]    0   0.00000  5.196009    0 0.000000
 [5,]    0 117.81611  5.196009    0 4.114135
 [6,]    0   0.00000  5.196009    0 2.057067
 [7,]    0  58.90806 10.392017    0 0.000000
 [8,]    0   0.00000 10.392017    0 4.114135
 [9,]    0   0.00000  0.000000    0 0.000000
[10,]    0  58.90806  5.196009    0 2.057067
[11,]    0  58.90806 15.588026    0 2.057067
[12,]    0 117.81611  5.196009    0 4.114135
[13,]    0  58.90806  5.196009    0 0.000000
[14,]    0   0.00000  5.196009    0 2.057067
[15,]    0  58.90806  5.196009    0 2.057067
[16,]    0 117.81611  5.196009    0 2.057067
[17,]    0   0.00000  0.000000    0 2.057067
[18,]    0  58.90806 10.392017    0 0.000000
[19,]    0   0.00000  5.196009    0 0.000000
[20,]    0 117.81611  0.000000    0 2.057067
[21,]    0   0.00000  0.000000    0 4.114135
[22,]    0  58.90806 10.392017    0 0.000000
[23,]    0 176.72417 10.392017    0 2.057067
[24,]    0  58.90806  0.000000    0 0.000000
[25,]    0  58.90806 10.392017    0 0.000000
[26,]    0   0.00000  5.196009    0 4.114135
[27,]    0  58.90806 10.392017    0 2.057067
[28,]    0  58.90806  0.000000    0 4.114135
[29,]    0 117.81611  5.196009    0 4.114135
[30,]    0 117.81611  5.196009    0 2.057067
[31,]    0  58.90806  0.000000    0 0.000000
[32,]    0   0.00000  0.000000    0 0.000000
[33,]    0  58.90806 10.392017    0 0.000000
[34,]    0   0.00000 10.392017    0 2.057067
[35,]    0  58.90806  0.000000    0 4.114135
[36,]    0  58.90806  5.196009    0 6.171202
[37,]    0  58.90806  0.000000    0 0.000000
[38,]    0   0.00000  0.000000    0 4.114135
[39,]    0  58.90806  5.196009    0 2.057067
[40,]    0   0.00000  0.000000    0 2.057067
[41,]    0 117.81611 10.392017    0 0.000000
[42,]    0  58.90806  0.000000    0 0.000000
[43,]    0  58.90806  0.000000    0 2.057067
[44,]    0  58.90806 10.392017    0 2.057067
[45,]    0 176.72417  5.196009    0 2.057067
[46,]    0  58.90806  0.000000    0 4.114135
[47,]    0   0.00000  5.196009    0 0.000000
[48,]    0 176.72417 10.392017    0 0.000000
[49,]    0  58.90806 10.392017    0 0.000000
[50,]    0 176.72417  0.000000    0 0.000000

$Ndateboots
      [,1]  [,2]  [,3] [,4]  [,5]
 [1,]    0  0.00 10.08    0  0.00
 [2,]    0 20.16 10.08    0  5.04
 [3,]    0 20.16  0.00    0  5.04
 [4,]    0  0.00  5.04    0  0.00
 [5,]    0 20.16  5.04    0 10.08
 [6,]    0  0.00  5.04    0  5.04
 [7,]    0 10.08 10.08    0  0.00
 [8,]    0  0.00 10.08    0 10.08
 [9,]    0  0.00  0.00    0  0.00
[10,]    0 10.08  5.04    0  5.04
[11,]    0 10.08 15.12    0  5.04
[12,]    0 20.16  5.04    0 10.08
[13,]    0 10.08  5.04    0  0.00
[14,]    0  0.00  5.04    0  5.04
[15,]    0 10.08  5.04    0  5.04
[16,]    0 20.16  5.04    0  5.04
[17,]    0  0.00  0.00    0  5.04
[18,]    0 10.08 10.08    0  0.00
[19,]    0  0.00  5.04    0  0.00
[20,]    0 20.16  0.00    0  5.04
[21,]    0  0.00  0.00    0 10.08
[22,]    0 10.08 10.08    0  0.00
[23,]    0 30.24 10.08    0  5.04
[24,]    0 10.08  0.00    0  0.00
[25,]    0 10.08 10.08    0  0.00
[26,]    0  0.00  5.04    0 10.08
[27,]    0 10.08 10.08    0  5.04
[28,]    0 10.08  0.00    0 10.08
[29,]    0 20.16  5.04    0 10.08
[30,]    0 20.16  5.04    0  5.04
[31,]    0 10.08  0.00    0  0.00
[32,]    0  0.00  0.00    0  0.00
[33,]    0 10.08 10.08    0  0.00
[34,]    0  0.00 10.08    0  5.04
[35,]    0 10.08  0.00    0 10.08
[36,]    0 10.08  5.04    0 15.12
[37,]    0 10.08  0.00    0  0.00
[38,]    0  0.00  0.00    0 10.08
[39,]    0 10.08  5.04    0  5.04
[40,]    0  0.00  0.00    0  5.04
[41,]    0 20.16 10.08    0  0.00
[42,]    0 10.08  0.00    0  0.00
[43,]    0 10.08  0.00    0  5.04
[44,]    0 10.08 10.08    0  5.04
[45,]    0 30.24  5.04    0  5.04
[46,]    0 10.08  0.00    0 10.08
[47,]    0  0.00  5.04    0  0.00
[48,]    0 30.24 10.08    0  0.00
[49,]    0 10.08 10.08    0  0.00
[50,]    0 30.24  0.00    0  0.00

