$totdays
[1] 365

$cpi
 [1] 353.0226 364.7622 341.5733 348.1440 337.0817 339.1745 361.0262 337.1675 354.0462 359.1083
[11] 348.0271 335.8333 362.5543 341.1021 363.9740 361.8481 351.6755 361.4473 339.5065 347.7320
[21] 360.6561 348.7913 340.8009 345.9824 354.1438 339.2869 337.7578 350.1145 338.6986 356.4668
[31] 352.3082 363.3346 343.7332 335.9091 364.1104 362.4218 360.1015 361.6993 363.0953 353.6067
[41] 356.3017 337.2908 360.4119 362.8245 361.8972 336.2727 349.2632 357.8654 363.8346 352.8990

$Psampest
[1] 9205.25

$Pbootest
     Mean      2.5%       50%     97.5% 
 9933.055  5160.409  9350.436 16366.426 

$Pboots
 [1]  5783.682  9022.534  8148.015  9518.246  8224.946 12724.327  8746.941 13160.950  6094.913
[10] 11580.739 15647.844  7433.121 11010.260 16178.694  6376.704 12042.462 10306.238  5197.042
[19]  7720.460  9182.627 16420.929 11384.680  7470.106 15984.633  6993.367 10525.289 10448.250
[28] 11239.779  7403.614 13138.282  4522.731  8834.058  5907.450 15688.210  5149.774  8864.749
[37]  6025.237 12420.504 10385.622 16994.887 12248.773  8984.068  5890.168 12340.037 12450.380
[46]  6670.969 12457.676  5844.017  6420.571 13443.201

$Bboots
 [1] 1192.9592 2301.7189 1555.2427 2316.8767 1987.5219 2382.8227 1907.3053 2610.9241 1329.4193
[10] 2443.3297 3227.4376 1346.9798 2335.2569 3093.1482 1157.8293 2783.0263 2296.8044  980.2203
[19] 1785.9467 2166.2342 3503.0155 2426.3054 1779.7046 3227.2963 1356.2840 2218.1004 2077.0733
[28] 1851.1197 1485.0487 2383.0503  714.2839 1974.8632 1022.4922 2880.3455 1222.9652 1914.3811
[37] 1381.6770 2481.9378 1909.3860 3812.7379 2440.8167 2057.7993 1054.2176 2955.2140 2326.4160
[46] 1097.0784 2150.3954 1408.6181 1511.2029 2415.6151

$Nboots
 [1] 5283.309 7225.827 5587.506 6715.531 6150.343 7432.916 6314.715 7460.351 5898.401 7410.023
[11] 8901.917 4873.288 7367.831 8351.161 4887.787 7974.508 7468.083 4473.837 5945.392 6790.922
[21] 8982.423 7539.652 5675.243 9841.537 5127.035 7407.923 6997.462 6747.699 5807.708 7295.256
[31] 4476.236 6473.408 4499.994 8764.330 4875.264 6584.719 5149.166 7442.680 6251.948 9521.994
[41] 7500.073 6893.467 3889.907 8132.839 7268.726 4050.241 6279.701 4936.416 4645.640 7679.541

$julians
[1] 623 735 839 897 988

$intdays
[1] 112 104  58  91

$Bdatesampinfo
       DATE JULIAN N       Mean     Stdev
1 9/15/2007    623 7 3012.48037 6123.6457
2  1/5/2008    735 7  709.68328  762.6585
3 4/18/2008    839 7   90.22802  128.4091
4 6/15/2008    897 7 5033.02906 6585.7985
5 9/14/2008    988 7  244.87096  365.0837

$Ndatesampinfo
       DATE JULIAN N       Mean      Stdev
1 9/15/2007    623 7  8033.0000 14318.3885
2  1/5/2008    735 7  8467.6300  4741.1666
3 4/18/2008    839 7   290.6686   326.4819
4 6/15/2008    897 7 11087.6514 13365.7853
5 9/14/2008    988 7  2188.3071  3877.6785

$Bdateboots
             [,1]      [,2]      [,3]      [,4]      [,5]
 [1,]  661.886571 1155.1044  20.24216  3106.174 318.74520
 [2,]  130.412775  923.3483  82.84721  8020.587 229.77345
 [3,] 2947.929137  586.0427  47.09847  4088.655  50.42013
 [4,]  661.716104  898.9220  85.61710  7936.893  30.43288
 [5,]    3.930949  677.4600 165.84372  7035.136 139.36460
 [6,] 5364.554943  506.5804 137.03511  6157.901  94.99423
 [7,] 2421.526139 1152.3062 153.23572  5018.976 187.88126
 [8,] 4771.150551  981.0380  41.66996  6979.409 112.00942
 [9,]   67.086629  867.9732  63.17038  4122.216 461.54939
[10,] 4133.512839  482.3862  95.97753  7031.009 194.37909
[11,] 5892.012557  789.5178  97.40751  9045.684  62.26873
[12,] 3075.721279  617.7328 130.09498  3088.134  28.19254
[13,] 3604.574442 1382.4015  56.60328  5911.749 375.97275
[14,] 7651.822592  396.1834 110.10617  7986.466 107.85141
[15,] 3011.170050  935.3196  59.90779  1975.831 309.34751
[16,] 2951.604386  530.1345  49.05077  8990.499 173.23706
[17,] 1782.748578  987.4062 176.08447  6979.409 305.88802
[18,] 1781.438261  783.5186  88.59672  2002.312 311.46892
[19,]  194.878771  801.4892  47.41947  6058.127 278.62449
[20,]  597.079642 1174.3635  92.91626  6973.937 250.36021
[21,] 7059.728516  464.3282 122.91549  9740.340 309.22859
[22,] 2947.929137 1027.1254  65.53762  6894.230 488.72811
[23,]    3.930949  922.7276  42.92823  6075.692 151.00947
[24,] 5427.795856  813.6051 102.83602  9034.601 488.49026
[25,] 2417.850890  793.6047 200.28217  3086.649 271.34822
[26,] 1846.074724  582.2211  88.67837  7102.275 352.37981
[27,] 2950.549769  502.3866 127.72774  6022.466 360.87524
[28,] 6485.502183  707.4018 127.52641  3173.855 305.88802
[29,] 1255.205730 1058.9602  48.93109  4063.659 282.08398
[30,] 7713.923655  338.3491 127.40673  5116.723 185.52200
[31,] 1253.980647  831.5756  49.86836  1061.031 575.34060
[32,] 2356.974910  538.1635  60.48214  5989.831 264.97714
[33,] 2355.749827  396.1834 196.16395  2168.757 301.97959
[34,] 7055.968033  787.6055  37.17871  7024.053 289.12241
[35,]    5.070799  525.9269  47.41947  4129.172 373.61349
[36,] 2422.751222 1238.5090  85.90848  4952.305 338.85138
[37,]  598.389958  955.5715 158.78391  3952.678 320.95826
[38,] 5892.012557  735.7704 158.66423  5995.443 183.73498
[39,] 5957.874103  333.9308 133.27593  4081.156 220.48784
[40,] 5298.693398  645.6253  27.10064 11761.971 333.81544
[41,] 5300.003714  936.9804  84.67983  6009.898 163.41334
[42,]  130.412775  827.5763  25.67067  7056.146 513.19604
[43,] 3077.116828  427.8735  71.49748  2012.033 333.81544
[44,] 2483.712436  344.0967  90.10834 10010.125 269.33889
[45,] 7059.728516  478.0478  92.67691  5091.586 226.97784
[46,] 3541.333529  367.9023  99.97607  1999.342 300.85208
[47,] 7716.459055  577.3930  45.66849  3990.366 259.84955
[48,]  134.258490  276.0965  43.30126  5033.029 429.83246
[49,] 1317.136327  306.5143  86.22948  4943.864  99.27117
[50,] 7716.373822  647.9067  16.97956  5115.238  48.29872

$Ndateboots
            [,1]      [,2]      [,3]      [,4]      [,5]
 [1,]  2451.3643 10069.180 174.00571  7922.911 3482.9100
 [2,]   926.4914  9705.846 357.08714 17401.063 1952.1357
 [3,]  7602.5200  8100.357 223.27286  9915.456  619.3571
 [4,]  2650.1814  8690.341 366.06857 16214.720  531.8057
 [5,]   196.5943  8171.956 443.13857 15405.367  965.2243
 [6,] 13481.3500  7022.974 485.14000 15064.667  836.4171
 [7,]  6538.5900  9789.580 495.66429 10759.869 1888.9043
 [8,] 11657.0600  8723.704 198.42286 14610.390  960.7171
 [9,]   660.9514 11046.051 230.44429 10061.170 3850.9214
[10,] 11086.1600  7533.163 199.88000 15112.527 2502.8843
[11,] 14909.0371  7909.139 213.29286 19756.450  548.5386
[12,]  8397.9486  7155.517 309.32429  7566.489  525.6929
[13,]  9791.7586 11003.647 220.98286 11429.927 3841.7757
[14,] 18797.4457  6435.059 428.26857 16609.354 1066.4757
[15,]  7967.4686 10252.830 181.70429  3915.680 2434.3971
[16,]  8097.3400  8200.049 132.00429 19067.400  899.8171
[17,]  5703.3414 10380.300 403.54571 14610.390 3252.8514
[18,]  5637.8100  9299.287 266.29857  4305.470 2410.7786
[19,]  1456.3800  8456.123 107.63429 13443.039 2093.1686
[20,]  2319.1100 10011.157 162.09714 14580.174 2501.4100
[21,] 17038.6871  8174.254 386.70000 17647.060 2404.6657
[22,]  7602.5200 10241.323 217.51143 13422.471 4952.0829
[23,]   196.5943  8263.259  56.43857 13879.900  806.1529
[24,] 13846.2986 10326.727 238.14286 19431.819 4892.6200
[25,]  6043.7700  8973.880 436.94429  7564.913 1021.0371
[26,]  5968.8814  8327.519 403.85143 16236.863 3358.0400
[27,]  7733.5829  8886.010 322.25714 13111.987 3605.6043
[28,] 16633.9186  7875.776 311.30000  8860.334 3252.8514
[29,]  4375.0629 10620.103 258.60000  9527.241 1274.7143
[30,] 18898.0457  6093.580 437.89571 12273.994 1853.0600
[31,]  4210.1229  9483.563 232.25429  2860.559 6447.0129
[32,]  6108.1100  9005.911 359.01571 12321.854 2305.5900
[33,]  5943.1700  6435.059 552.10286  6782.507 2517.4414
[34,] 16643.2757 10364.029 147.22714 15080.736 2287.3829
[35,]   460.9429  7167.024 107.63429 10092.961 3805.9314
[36,]  6703.5300 10887.684 394.87000  9904.460 3600.1929
[37,]  2384.6414 10001.520 393.91857  7856.849 2304.1157
[38,] 14909.0371  8632.401 520.51429 12616.270 1094.0314
[39,] 15405.0486  6233.491 220.51143  9777.737 2147.0514
[40,] 12985.3386  7793.176 212.26857 22322.774 2534.1743
[41,] 13050.8700  9402.097 392.41429 12785.780 1789.1271
[42,]   926.4914  8620.894 198.85571 15764.941 5051.8600
[43,]  8364.0714  5490.219 267.62857  4352.659 2534.1743
[44,]  6539.7814  6307.589 417.26429 21392.571 2288.0843
[45,] 17038.6871  8072.579 415.28857 11621.580  892.2300
[46,]  9426.8100  5880.506 211.31714  4302.319 2186.8329
[47,] 19128.5171  5851.907 209.86000  8295.403 2394.7471
[48,]  1222.4943  5892.013 222.79286 11087.651 3863.9200
[49,]  4674.4800  5714.800 279.23143  9871.093  760.3900
[50,] 19227.9257  8385.030 125.26571 12272.419  642.9757

