$totdays
[1] 365

$pb
[1] 5

$Psampest
[1] 6.076793

$Pbootest
    Mean     2.5%      50%    97.5% 
6.260596 3.013406 6.076793 9.140181 

$Pboots
 [1]  3.699384  8.454202  6.762772  6.762772  9.140181  5.390814  6.076793  9.140181  9.140181
[10]  3.013406  5.390814  8.454202  6.076793  6.076793  6.076793  6.762772  6.762772  6.762772
[19]  6.076793  3.013406  3.013406  3.013406 11.517589  8.454202  6.076793  9.140181  6.076793
[28]  6.076793  6.076793  8.454202  3.699384  6.076793  6.076793  2.327427  8.454202  6.762772
[37]  6.076793  8.454202  6.762772  8.454202  6.762772  3.699384  3.013406  5.390814  6.076793
[46]  8.454202  6.762772  3.699384  6.076793  3.013406

$Bboots
 [1] 0.7398769 1.6908404 1.3525544 1.3525544 1.8280361 1.0781629 1.2153586 1.8280361 1.8280361
[10] 0.6026811 1.0781629 1.6908404 1.2153586 1.2153586 1.2153586 1.3525544 1.3525544 1.3525544
[19] 1.2153586 0.6026811 0.6026811 0.6026811 2.3035179 1.6908404 1.2153586 1.8280361 1.2153586
[28] 1.2153586 1.2153586 1.6908404 0.7398769 1.2153586 1.2153586 0.4654854 1.6908404 1.3525544
[37] 1.2153586 1.6908404 1.3525544 1.6908404 1.3525544 0.7398769 0.6026811 1.0781629 1.2153586
[46] 1.6908404 1.3525544 0.7398769 1.2153586 0.6026811

$Nboots
 [1]  6.30 11.34 10.08 10.08 12.60  7.56  8.82 12.60 12.60  5.04  7.56 11.34  8.82  8.82  8.82
[16] 10.08 10.08 10.08  8.82  5.04  5.04  5.04 15.12 11.34  8.82 12.60  8.82  8.82  8.82 11.34
[31]  6.30  8.82  8.82  3.78 11.34 10.08  8.82 11.34 10.08 11.34 10.08  6.30  5.04  7.56  8.82
[46] 11.34 10.08  6.30  8.82  5.04

$julians
[1] 623 735 839 897 988

$intdays
[1] 112 104  58  91

$Bdatesampinfo
       DATE JULIAN N     Mean    Stdev
1 9/15/2007    623 3 0.000000 0.000000
2  1/5/2008    735 3 0.000000 0.000000
3 4/18/2008    839 3 0.000000 0.000000
4 6/15/2008    897 3 4.861435 3.858329
5 9/14/2008    988 3 0.000000 0.000000

$Ndatesampinfo
       DATE JULIAN N  Mean    Stdev
1 9/15/2007    623 3  0.00  0.00000
2  1/5/2008    735 3  0.00  0.00000
3 4/18/2008    839 3  0.00  0.00000
4 6/15/2008    897 3 35.28 23.09618
5 9/14/2008    988 3  0.00  0.00000

$Bdateboots
      [,1] [,2] [,3]     [,4] [,5]
 [1,]    0    0    0 2.959508    0
 [2,]    0    0    0 6.763361    0
 [3,]    0    0    0 5.410217    0
 [4,]    0    0    0 5.410217    0
 [5,]    0    0    0 7.312144    0
 [6,]    0    0    0 4.312652    0
 [7,]    0    0    0 4.861435    0
 [8,]    0    0    0 7.312144    0
 [9,]    0    0    0 7.312144    0
[10,]    0    0    0 2.410725    0
[11,]    0    0    0 4.312652    0
[12,]    0    0    0 6.763361    0
[13,]    0    0    0 4.861435    0
[14,]    0    0    0 4.861435    0
[15,]    0    0    0 4.861435    0
[16,]    0    0    0 5.410217    0
[17,]    0    0    0 5.410217    0
[18,]    0    0    0 5.410217    0
[19,]    0    0    0 4.861435    0
[20,]    0    0    0 2.410725    0
[21,]    0    0    0 2.410725    0
[22,]    0    0    0 2.410725    0
[23,]    0    0    0 9.214071    0
[24,]    0    0    0 6.763361    0
[25,]    0    0    0 4.861435    0
[26,]    0    0    0 7.312144    0
[27,]    0    0    0 4.861435    0
[28,]    0    0    0 4.861435    0
[29,]    0    0    0 4.861435    0
[30,]    0    0    0 6.763361    0
[31,]    0    0    0 2.959508    0
[32,]    0    0    0 4.861435    0
[33,]    0    0    0 4.861435    0
[34,]    0    0    0 1.861942    0
[35,]    0    0    0 6.763361    0
[36,]    0    0    0 5.410217    0
[37,]    0    0    0 4.861435    0
[38,]    0    0    0 6.763361    0
[39,]    0    0    0 5.410217    0
[40,]    0    0    0 6.763361    0
[41,]    0    0    0 5.410217    0
[42,]    0    0    0 2.959508    0
[43,]    0    0    0 2.410725    0
[44,]    0    0    0 4.312652    0
[45,]    0    0    0 4.861435    0
[46,]    0    0    0 6.763361    0
[47,]    0    0    0 5.410217    0
[48,]    0    0    0 2.959508    0
[49,]    0    0    0 4.861435    0
[50,]    0    0    0 2.410725    0

$Ndateboots
      [,1] [,2] [,3]  [,4] [,5]
 [1,]    0    0    0 25.20    0
 [2,]    0    0    0 45.36    0
 [3,]    0    0    0 40.32    0
 [4,]    0    0    0 40.32    0
 [5,]    0    0    0 50.40    0
 [6,]    0    0    0 30.24    0
 [7,]    0    0    0 35.28    0
 [8,]    0    0    0 50.40    0
 [9,]    0    0    0 50.40    0
[10,]    0    0    0 20.16    0
[11,]    0    0    0 30.24    0
[12,]    0    0    0 45.36    0
[13,]    0    0    0 35.28    0
[14,]    0    0    0 35.28    0
[15,]    0    0    0 35.28    0
[16,]    0    0    0 40.32    0
[17,]    0    0    0 40.32    0
[18,]    0    0    0 40.32    0
[19,]    0    0    0 35.28    0
[20,]    0    0    0 20.16    0
[21,]    0    0    0 20.16    0
[22,]    0    0    0 20.16    0
[23,]    0    0    0 60.48    0
[24,]    0    0    0 45.36    0
[25,]    0    0    0 35.28    0
[26,]    0    0    0 50.40    0
[27,]    0    0    0 35.28    0
[28,]    0    0    0 35.28    0
[29,]    0    0    0 35.28    0
[30,]    0    0    0 45.36    0
[31,]    0    0    0 25.20    0
[32,]    0    0    0 35.28    0
[33,]    0    0    0 35.28    0
[34,]    0    0    0 15.12    0
[35,]    0    0    0 45.36    0
[36,]    0    0    0 40.32    0
[37,]    0    0    0 35.28    0
[38,]    0    0    0 45.36    0
[39,]    0    0    0 40.32    0
[40,]    0    0    0 45.36    0
[41,]    0    0    0 40.32    0
[42,]    0    0    0 25.20    0
[43,]    0    0    0 20.16    0
[44,]    0    0    0 30.24    0
[45,]    0    0    0 35.28    0
[46,]    0    0    0 45.36    0
[47,]    0    0    0 40.32    0
[48,]    0    0    0 25.20    0
[49,]    0    0    0 35.28    0
[50,]    0    0    0 20.16    0

