$totdays
[1] 365

$Psampest
[1] 921.7593

$Pbootest
     Mean      2.5%       50%     97.5% 
 948.4116  628.5165  945.5112 1353.8320 

$Pboots
 [1] 1070.1250 1253.1420  941.3888 1086.7098 1086.6270  622.3852  572.6190  938.0107 1256.0555
[10]  888.7468  668.6245  770.4921 1373.1791  718.8507 1014.6108 1316.1511  701.4615  711.0071
[19]  983.8292 1047.1980 1357.9385 1069.1622  663.8668  916.1791 1005.9411  776.1222 1087.8814
[28]  884.0245  949.6335 1139.2131 1009.8658  890.5620  829.2850  879.0850  659.6401 1040.2354
[37]  680.8464  922.8300  971.6221  649.6357  883.3862 1004.1502  785.0551  752.3933 1008.5946
[46] 1339.6875  886.6803 1287.3540 1067.1715 1001.3216

$Bboots
 [1] 272.8677 320.0950 252.1163 279.5203 281.9113 161.7882 152.5034 244.5902 321.8100 231.5591
[11] 170.6847 204.3638 350.0153 189.4690 261.4680 334.0404 181.7307 189.2221 249.0829 266.9320
[21] 339.0892 266.8639 181.0938 232.7452 251.3253 203.8658 283.5095 227.1963 246.8741 284.7958
[31] 265.1525 239.7355 220.8099 232.9078 173.4460 267.7614 176.4441 247.6803 252.3249 173.4322
[41] 234.6802 263.4648 204.1490 195.7504 255.0265 341.7958 228.2134 335.2911 272.8050 259.3553

$Nboots
 [1]  8945.926 11593.787  8918.196  9481.445  9802.581  5434.038  5514.186  9041.247 10828.951
[10]  9119.643  6134.537  8120.472 11744.792  5967.972  8259.176 10511.681  6052.766  7203.698
[19]  7890.013  7985.542 10087.780  8152.762  6987.379  8036.113  7641.054  7312.976 10135.784
[28]  7745.474  8729.864  8866.575  9281.177  8338.814  8325.232  9242.124  5932.662  9193.882
[37]  6085.450  9331.978  8227.987  5997.001  7847.111  9414.094  6972.692  6970.846  7993.657
[46] 11614.599  7571.104 11932.126  8885.590  8730.040

$julians
[1] 623 735 839 897 988

$intdays
[1] 112 104  58  91

$Pintsampest
[1] 526.80268 141.12078  25.59883 228.23698

$Pintboots
          [,1]      [,2]     [,3]     [,4]
 [1,] 612.0457 228.81983 22.21743 207.0420
 [2,] 821.2386  58.31755 17.79546 355.7904
 [3,] 354.0359 215.08414 34.87417 337.3946
 [4,] 616.1783 220.72983 32.90666 216.8951
 [5,] 635.5100 126.17632 33.11722 291.8234
 [6,] 292.2860 136.31347 11.33243 182.4533
 [7,] 298.1595  91.94289 34.80692 147.7097
 [8,] 546.3464  34.85407 19.05121 337.7590
 [9,] 680.7842 228.59198 14.17416 332.5051
[10,] 513.0488  63.10026 22.01994 290.5779
[11,] 443.4201  64.23644 17.86505 143.1029
[12,] 327.0098 110.95718 14.51361 318.0115
[13,] 910.3610 131.61448 33.33635 297.8673
[14,] 280.6515 224.55504 24.83091 188.8132
[15,] 531.2873 260.67497 31.19499 191.4535
[16,] 770.6398 280.38829 23.54678 241.5763
[17,] 391.2888 136.58055 25.70322 147.8888
[18,] 342.2300  64.26555 22.20092 282.3106
[19,] 621.7585 187.51478 24.09741 150.4585
[20,] 646.7607 218.56687 35.78528 146.0851
[21,] 878.1474 292.68375 18.78165 168.3257
[22,] 722.2735 217.70371 21.46477 107.7203
[23,] 262.3736 110.99750 39.82075 250.6749
[24,] 612.9620 101.58632 22.36354 179.2672
[25,] 701.7972 173.26527 22.04808 108.8306
[26,] 388.2746 127.82053 25.49928 234.5277
[27,] 567.8963 173.02244 28.59313 318.3695
[28,] 517.9420 131.43447 20.54666 214.1014
[29,] 568.4453  56.66530 24.51740 300.0055
[30,] 762.1370 221.65695 20.85323 134.5659
[31,] 469.0631 181.97294 24.03276 334.7971
[32,] 390.9693 133.43842 43.52595 322.6283
[33,] 442.0697  77.86259 41.33943 268.0133
[34,] 425.2798  53.64903 16.16198 383.9942
[35,] 392.0898  63.99968 33.39607 170.1545
[36,] 546.5513 222.61805 20.90756 250.1585
[37,] 424.9360  81.86704 29.01525 145.0281
[38,] 487.5410  59.41774 50.44749 325.4238
[39,] 498.9332 206.18723 28.79465 237.7070
[40,] 252.3534 150.80771 23.91810 222.5565
[41,] 380.5491 173.36807 30.88789 298.5811
[42,] 519.3601 167.13570 37.18185 280.4725
[43,] 368.5439 185.17413 17.61085 213.7262
[44,] 449.7199  95.58505 31.26659 175.8217
[45,] 675.1686 165.98059 29.40376 138.0417
[46,] 845.6118 130.86250 20.96280 342.2504
[47,] 513.0593 166.43562 28.11368 179.0717
[48,] 723.6681 122.16541 31.48704 410.0335
[49,] 684.6876 138.00830 31.01671 213.4589
[50,] 622.4040  95.63745 35.53705 247.7431

$Bdatesampinfo
       DATE JULIAN N      Mean     Stdev
1 9/15/2007    623 7 764.09943 758.83390
2  1/5/2008    735 7 230.52847 382.34735
3 4/18/2008    839 7  56.40970  69.89607
4 6/15/2008    897 7  36.92062  62.09984
5 9/14/2008    988 7 493.44494 500.05518

$Ndatesampinfo
       DATE JULIAN N       Mean     Stdev
1 9/15/2007    623 7 24317.5529 22807.882
2  1/5/2008    735 7  6015.4514  8244.288
3 4/18/2008    839 7  1843.6686  2357.209
4 6/15/2008    897 7   777.7586  1262.778
5 9/14/2008    988 7 23592.0343 25195.030

$Bdateboots
           [,1]      [,2]      [,3]      [,4]     [,5]
 [1,]  758.5281 397.04267  68.21228 12.789852 468.3239
 [2,] 1465.1192  85.41734  33.15862 31.721531 795.0462
 [3,]  313.7455 354.69070  82.63575 44.511382 739.5092
 [4,]  797.6206 365.75252  83.05320 36.920622 467.0892
 [5,] 1010.6014 189.27101  67.28087 53.460631 624.6639
 [6,]  295.2062 256.64322  20.52034 20.796365 403.1794
 [7,]  441.8438 121.09514  65.85055 61.051392 282.1889
 [8,]  980.4072  51.12009  19.74802 49.710474 735.1569
 [9,]  835.3173 450.03497  14.75669 36.920622 735.7380
[10,]  896.5107  72.14921  56.15133 24.130770 651.0994
[11,]  723.4593 113.73840  16.87233 48.261540 284.2738
[12,]  412.9960 204.41372  21.19338 31.721531 707.2574
[13,] 1552.3543 166.44939 101.15981 20.380613 671.7883
[14,]  158.6311 371.25195  85.33150  5.199091 433.5556
[15,]  520.5525 482.54259  47.48281 66.250483 378.6395
[16,]  933.8237 521.17994  48.92818 36.920622 524.4421
[17,]  491.3328 247.43871  30.26788 63.443061 280.2136
[18,]  556.6900  89.45600  41.21391 39.728044 616.2912
[19,]  870.0968 303.81206  77.45814 10.398182 339.2298
[20,]  851.3231 369.79118  74.61663 55.852301 283.6129
[21,] 1077.8898 580.09318  15.01506 53.460631 337.6861
[22,]  969.9612 393.72458  48.92818 29.329861 220.9851
[23,]  354.7577 140.61594  85.07313 60.108656 522.3971
[24,] 1016.6848 140.61594  65.93756 15.597274 400.9749
[25,]  992.0621 332.96359  19.33334 61.051392 191.8437
[26,]  553.3630 179.71751  80.17752 12.789852 532.1938
[27,]  790.1297 282.08496  69.71825 34.528952 705.2821
[28,]  751.0371 226.86139  40.38178 34.528952 462.9890
[29,] 1018.0923  55.15875  60.05771 29.329861 667.8078
[30,] 1029.7587 409.19132  41.49948 34.528952 278.1685
[31,]  534.5892 351.02362  18.97847 68.642152 709.3423
[32,]  529.0179 209.15036  62.16742 96.523080 653.1843
[33,]  790.1297  44.51843 113.79809 36.920622 585.8751
[34,]  723.4593  79.48869  29.59484 29.329861 862.9764
[35,]  698.7422  41.54163  88.58768 33.170464 362.2260
[36,]  627.5243 404.38987  48.25513 27.971373 553.3343
[37,]  736.4272  65.87158 100.58709  5.199091 331.8100
[38,]  903.6296  16.87039 103.94256 79.983070 676.2204
[39,]  566.7030 375.30601  43.93051 61.051392 491.3202
[40,]  225.3015 251.15335  55.48107 31.721531 485.4440
[41,]  399.5617 318.93267  33.57330 79.040335 614.7874
[42,]  739.3823 241.19375  98.64004 36.920622 614.8273
[43,]  351.8026 344.02541  32.48558 31.721531 464.9245
[44,]  761.1444  87.94767 106.40357  7.590761 400.9749
[45,] 1015.1373 259.61232  77.87282 29.329861 291.4444
[46,] 1373.7316 222.82273  43.25746 33.170464 762.1336
[47,]  690.6488 278.03089  60.37945 42.119713 373.9981
[48,] 1169.2773 197.04157  51.35501 63.443061 889.3720
[49,] 1093.4740 199.24787  81.36174 31.721531 464.3035
[50,] 1054.3815 120.74616  73.71163 55.852301 519.8406

$Ndateboots
           [,1]       [,2]      [,3]       [,4]      [,5]
 [1,] 24233.377 10259.4043 2336.1743  296.10857 21550.653
 [2,] 44165.534  3875.7843 1018.6300  683.77286 37428.390
 [3,]  9895.529  9040.0400 2776.1086  979.88143 35857.979
 [4,] 25856.314  9314.4914 2837.6100  777.75857 24135.529
 [5,] 30990.791  4393.5357 2290.0900 1057.28571 31948.036
 [6,] 10475.390  6173.4871  629.9543  375.94286 18638.147
 [7,] 14848.541  3970.9900 2171.9714 1259.40857 14460.206
 [8,] 31758.623  2512.3886  635.3129 1073.86714 32128.213
 [9,] 26901.746 11087.3729  455.3686  777.75857 35088.859
[10,] 30243.756  3463.8429 1833.6100  481.65000 31155.181
[11,] 23178.341  4171.3100  486.5271  963.30000 14655.680
[12,] 14987.880  5857.4157  665.9800  683.77286 35561.559
[13,] 48740.946  3788.3443 3464.0400  498.23143 29716.157
[14,]  5796.469  9004.8257 2728.9129   93.98571 18291.857
[15,] 18492.046 11158.6329 1499.9486 1353.39429 19557.411
[16,] 29076.374 12159.3057 1530.6157  777.75857 26081.710
[17,] 17172.523  6008.3814  957.2957 1367.54571 14583.156
[18,] 19267.251  2997.9329 1409.0929  763.60714 28021.066
[19,] 27551.493  8407.6643 2555.9471  187.97143 13265.446
[20,] 28139.013  8436.6400 2298.4000 1165.42286 11944.394
[21,] 34814.607 13343.4557  465.4271 1057.28571 16155.297
[22,] 29851.580  9581.8729 1530.6157  575.63571 11994.264
[23,] 12493.601  4841.2429 2718.8543 1261.83857 25761.556
[24,] 30718.646  4841.2429 2253.5729  281.95714 18816.713
[25,] 31570.653  8032.2971  609.3457 1259.40857  9755.679
[26,] 16960.659  4200.2857 2688.8243  296.10857 27172.714
[27,] 24797.003  7399.9214 2232.8357  669.62143 35684.509
[28,] 23174.066  5309.7757 1321.6243  669.62143 24187.684
[29,] 32050.103  1634.5371 1987.0957  575.63571 29394.273
[30,] 32616.084  9949.2100 1407.9257  669.62143 14263.001
[31,] 17548.179  8334.3643  676.2057 1461.53143 35757.033
[32,] 17464.003  5035.8529 1985.4757 1926.60000 31350.656
[33,] 24797.003  2025.9329 3852.7157  777.75857 28492.036
[34,] 23178.341  2320.9300  921.2700  575.63571 43122.976
[35,] 22222.824  1194.4514 3012.4271  794.34000 15236.033
[36,] 19638.631 10315.1643 1494.5900  700.35429 28892.211
[37,] 22514.304  1880.8443 3256.3157   93.98571 15707.003
[38,] 29844.206   662.0086 3498.4457 1647.07286 33196.563
[39,] 17755.483  9507.7414 1506.4357 1259.40857 23521.240
[40,]  7415.130  6227.0729 1833.1186  683.77286 23072.946
[41,] 12385.531  7108.4586 1044.5971 1649.50286 30786.237
[42,] 23362.036  6748.7429 3118.0800  777.75857 30661.557
[43,] 11645.870  8306.7486  982.6043  683.77286 24189.414
[44,] 23469.821  2916.7314 3621.2643  202.12286 18816.713
[45,] 31202.371  6822.8743 2581.9143  575.63571 12786.039
[46,] 41591.356  6187.6271 1470.4100  794.34000 34420.684
[47,] 24709.729  6897.0057 1898.6829  871.74429 16524.241
[48,] 37388.786  4676.9686 1762.1957 1367.54571 42454.801
[49,] 33387.014  4814.4586 2673.8986  683.77286 21353.449
[50,] 31764.077  3942.8457 2467.9229 1165.42286 22923.860

