$totdays
[1] 365

$pb
[1] 5

$Psampest
[1] 4.091674

$Pbootest
    Mean     2.5%      50%    97.5% 
4.083516 2.890422 4.077602 5.193086 

$Pboots
 [1] 3.866495 4.254983 3.311955 4.067033 4.153244 3.879424 5.764754 4.143345 4.063715 4.263258
[11] 4.141875 4.977422 4.088171 4.763396 3.536877 2.319754 2.898348 5.132968 4.158591 3.605401
[21] 5.183402 3.581862 4.351735 4.130373 3.933629 4.583112 3.786992 3.907624 4.293964 4.262143
[31] 3.920146 2.888121 3.585407 4.323824 3.997870 3.921295 4.472959 3.414044 4.795114 3.678728
[41] 4.631864 3.492751 5.113211 3.194047 4.311506 4.525720 5.195898 3.718609 4.015384 3.573459

$Bboots
 [1] 0.7732991 0.8509967 0.6623911 0.8134066 0.8306489 0.7758847 1.1529509 0.8286691 0.8127430
[10] 0.8526516 0.8283751 0.9954843 0.8176341 0.9526792 0.7073755 0.4639508 0.5796696 1.0265935
[19] 0.8317181 0.7210802 1.0366804 0.7163724 0.8703470 0.8260746 0.7867259 0.9166225 0.7573984
[28] 0.7815249 0.8587929 0.8524286 0.7840293 0.5776242 0.7170814 0.8647648 0.7995739 0.7842590
[37] 0.8945917 0.6828087 0.9590229 0.7357455 0.9263728 0.6985502 1.0226422 0.6388095 0.8623012
[46] 0.9051441 1.0391796 0.7437218 0.8030768 0.7146919

$Nboots
 [1] 430.2220 452.0652 341.9757 419.2487 489.0598 396.2400 584.1445 431.0704 391.4771 514.7636
[11] 422.1891 526.8539 410.4586 483.8648 347.2805 265.4886 298.8516 526.4139 388.6048 330.3479
[21] 553.5387 393.1730 473.7770 458.2968 424.8450 475.1468 431.0752 398.5441 499.7705 410.3861
[31] 422.6566 295.6259 334.7527 432.2730 414.7127 369.4477 456.5843 319.2934 524.3346 381.7891
[41] 472.3545 352.8637 556.7214 335.3913 525.3371 451.7582 543.3720 356.6252 362.0223 342.1657

$julians
[1] 623 735 839 897 988

$intdays
[1] 112 104  58  91

$Bdatesampinfo
       DATE JULIAN N      Mean     Stdev
1 9/15/2007    623 7 2.8453545 2.1920291
2  1/5/2008    735 7 0.2306752 0.6103092
3 4/18/2008    839 7 0.2779092 0.4694271
4 6/15/2008    897 7 0.8175529 0.6834137
5 9/14/2008    988 7 1.0490489 1.2498417

$Ndatesampinfo
       DATE JULIAN N      Mean    Stdev
1 9/15/2007    623 7 1250.2729 892.2273
2  1/5/2008    735 7  173.4400 458.8791
3 4/18/2008    839 7  143.2600 235.9209
4 6/15/2008    897 7  554.7229 536.4809
5 9/14/2008    988 7  396.5914 470.5418

$Bdateboots
          [,1]      [,2]      [,3]      [,4]      [,5]
 [1,] 1.695499 0.0000000 0.5531565 1.1798145 1.0249512
 [2,] 2.306344 0.0000000 0.6512174 0.9512141 1.2967671
 [3,] 1.949710 0.4613504 0.3848887 0.4433232 0.7702942
 [4,] 3.234541 0.4613504 0.2779092 0.5349298 0.7243332
 [5,] 1.516688 0.2306752 0.6472483 1.2506332 0.8713894
 [6,] 2.883252 0.2306752 0.2192828 0.7192507 0.9854084
 [7,] 4.307636 0.2306752 0.3338737 1.0474054 1.6920621
 [8,] 3.174461 0.2306752 0.2752473 0.8639433 0.7151600
 [9,] 2.585269 0.2306752 0.5016513 0.5768305 1.2983612
[10,] 1.875581 0.6920256 0.3294144 1.0937958 0.7151600
[11,] 2.676944 0.2306752 0.2850304 0.7911676 1.3363099
[12,] 3.359552 0.0000000 0.3320763 1.2478402 1.4444902
[13,] 2.502298 0.2306752 0.3804294 0.5622518 1.6920621
[14,] 3.629072 0.2306752 0.3804294 0.8175529 1.1350467
[15,] 2.629140 0.0000000 0.1185600 0.8488668 1.0950099
[16,] 1.062571 0.2306752 0.1141007 0.7192507 0.5209819
[17,] 1.810157 0.0000000 0.1771864 0.7782020 0.9164232
[18,] 3.195678 0.2306752 0.3893480 1.0071178 1.7627877
[19,] 2.858438 0.0000000 0.5486972 0.5104008 1.6771110
[20,] 3.443115 0.0000000 0.1753890 0.4706452 1.0334575
[21,] 3.684144 0.4613504 0.1167626 1.1169720 1.2191293
[22,] 2.369055 0.2306752 0.1238838 0.9754885 0.7018296
[23,] 2.321623 0.4613504 0.3312118 0.7782020 1.4996244
[24,] 2.555977 0.2306752 0.2734499 1.2760818 0.4922064
[25,] 2.978970 0.2306752 0.0089186 0.8933002 1.0490489
[26,] 2.823172 0.0000000 0.3315861 1.0885518 1.6695319
[27,] 1.725757 0.4613504 0.0097831 0.9070239 1.5771159
[28,] 3.053494 0.2306752 0.1656059 0.8401078 0.7259273
[29,] 2.001557 0.6920256 0.4417177 0.8999844 0.8013307
[30,] 2.807457 0.2306752 0.4319346 0.6013595 1.4840330
[31,] 3.023671 0.2306752 0.1682678 1.0068024 0.4370722
[32,] 1.845423 0.0000000 0.2282014 0.6851438 0.9488809
[33,] 3.888291 0.0000000 0.2237421 0.4201755 0.5605247
[34,] 3.815128 0.2306752 0.0115805 0.9007786 0.8169221
[35,] 2.859798 0.2306752 0.3830913 0.7221444 0.8649712
[36,] 3.611997 0.0000000 0.1638085 0.5731825 1.1880928
[37,] 3.919415 0.2306752 0.1149652 0.9186481 0.7087418
[38,] 3.944229 0.0000000 0.1167626 0.4513887 0.3819380
[39,] 2.569060 0.6920256 0.1185600 1.0040094 1.4739326
[40,] 2.555111 0.6920256 0.1096414 0.4433232 0.8408735
[41,] 3.740999 0.2306752 0.1664704 0.7233965 1.4288988
[42,] 2.771325 0.0000000 0.1212219 0.8323140 0.9100050
[43,] 2.815097 0.6920256 0.1212219 0.7949980 2.1495498
[44,] 2.278717 0.2306752 0.1230193 0.5454558 1.0334575
[45,] 2.703170 0.6920256 0.1194245 1.1495380 0.2732637
[46,] 2.680022 0.0000000 0.4345965 0.8958500 1.9002375
[47,] 4.269739 0.2306752 0.1727271 1.1404636 0.9559660
[48,] 2.414227 0.0000000 0.4408532 0.6202664 1.4133074
[49,] 3.866603 0.2306752 0.2779092 0.4392781 0.6622868
[50,] 2.987539 0.0000000 0.2752473 0.5531774 1.0731466

$Ndateboots
           [,1]   [,2]       [,3]     [,4]     [,5]
 [1,]  833.2186   0.00 284.518571 827.1000 385.3200
 [2,] 1059.4971   0.00 334.204286 699.4486 489.7186
 [3,]  833.5400 346.88 199.651429 257.5971 294.0086
 [4,] 1359.9986 346.88 143.260000 370.7029 272.3057
 [5,]  708.4029 173.44 320.052857 940.3257 336.4386
 [6,] 1257.3914 173.44 116.785714 480.8114 370.4543
 [7,] 1840.4386 173.44 167.732857 756.0229 638.3257
 [8,] 1366.6786 173.44 141.258571 589.6029 273.2814
 [9,] 1169.6100 173.44 263.398571 298.0000 492.5300
[10,]  893.6214 520.32 164.380000 790.9029 273.2814
[11,] 1102.0943 173.44 148.614286 563.3629 504.5843
[12,] 1458.1514   0.00 166.381429 938.2257 547.4657
[13,] 1060.3743 173.44 196.298571 422.7457 638.3257
[14,] 1593.0743 173.44 196.298571 554.7229 428.9214
[15,] 1130.1757   0.00  65.098571 549.7886 418.2943
[16,]  493.8443 173.44  61.745714 480.8114 198.0700
[17,]  776.9514   0.00  91.572857 540.8857 348.9443
[18,] 1430.5029 173.44 203.004286 681.5029 664.9143
[19,] 1274.4943   0.00 281.165714 320.7600 630.4929
[20,] 1452.3300   0.00  90.221429 309.6400 390.7300
[21,] 1555.3243 346.88  63.747143 795.6000 460.5314
[22,] 1049.5129 173.44  69.101429 673.4714 263.8457
[23,] 1115.0286 346.88 165.731429 540.8857 568.1929
[24,] 1112.6343 173.44 139.907143 871.0029 185.0400
[25,] 1298.5686 173.44   6.705714 671.6543 396.5914
[26,] 1264.0714   0.00 177.180000 774.2314 634.2800
[27,]  812.5714 346.88   7.355714 666.2229 595.1129
[28,] 1377.2186 173.44  82.865714 511.7029 275.1171
[29,]  914.1514 520.32 224.774286 645.1800 303.4643
[30,] 1243.1543 173.44 217.418571 347.9429 562.3314
[31,] 1363.2514 173.44  84.867143 668.5371 164.3129
[32,]  787.3743   0.00 123.491429 483.6457 363.3586
[33,] 1624.4657   0.00 120.138571 300.1714 212.9357
[34,] 1606.9243 173.44   8.707143 588.8200 309.3257
[35,] 1335.6029 173.44 198.300000 454.5086 329.6014
[36,] 1511.0486   0.00  81.514286 415.2143 451.0757
[37,] 1653.0900 173.44  62.395714 630.7343 266.4443
[38,] 1635.9871   0.00  63.747143 323.6400 143.5857
[39,] 1136.8557 520.32  65.098571 666.4371 554.1100
[40,] 1063.3629 520.32  58.392857 257.5971 318.3300
[41,] 1667.0057 173.44  83.515714 528.1571 541.6043
[42,] 1183.4600   0.00  67.100000 581.5714 342.1071
[43,] 1270.9200 520.32  67.100000 597.7429 812.5257
[44,] 1076.8400 173.44  68.451429 365.8886 390.7300
[45,] 1196.9886 520.32  65.748571 864.3143 104.9429
[46,] 1288.4100   0.00 219.420000 585.1143 716.5871
[47,] 1833.3200 173.44  88.220000 813.2629 363.8100
[48,] 1024.7357   0.00 224.124286 422.1371 535.7429
[49,] 1650.1014 173.44 143.260000 181.8486 248.9800
[50,] 1303.5571   0.00 141.258571 371.6943 407.8629

