$totdays
[1] 365

$pb
[1] 10

$Psampest
[1] 0.6301799

$Pbootest
     Mean      2.5%       50%     97.5% 
0.6641309 0.3343903 0.6430026 1.0649391 

$Pboots
 [1] 0.6405885 0.7569947 0.6035468 0.4822082 0.4051896 0.5412808 0.7139237 0.8664314 0.4947364
[10] 0.4858291 0.4048759 0.6277037 0.8305401 0.4180222 0.7991071 0.6185795 0.3836122 0.6795830
[19] 1.0881340 0.6257643 0.9189200 0.9850457 0.5735074 0.7206735 0.7728859 0.1639492 0.6519665
[28] 0.6372672 1.2177579 0.5138883 0.8929807 0.4681709 0.4943428 0.5778452 0.7514718 0.5638192
[37] 0.3201000 0.9402940 0.6093482 0.5510945 0.6983870 0.7585864 0.8573190 0.6454167 0.7569705
[46] 0.8736908 0.5981394 0.6953136 0.7707540 0.7599861

$Bboots
 [1] 0.06405885 0.07569947 0.06035468 0.04822082 0.04051896 0.05412808 0.07139237 0.08664314
 [9] 0.04947364 0.04858291 0.04048759 0.06277037 0.08305401 0.04180222 0.07991071 0.06185795
[17] 0.03836122 0.06795830 0.10881340 0.06257643 0.09189200 0.09850457 0.05735074 0.07206735
[25] 0.07728859 0.01639492 0.06519665 0.06372672 0.12177579 0.05138883 0.08929807 0.04681709
[33] 0.04943428 0.05778452 0.07514718 0.05638192 0.03201000 0.09402940 0.06093482 0.05510945
[41] 0.06983870 0.07585864 0.08573190 0.06454167 0.07569705 0.08736908 0.05981394 0.06953136
[49] 0.07707540 0.07599861

$Nboots
 [1] 10.301786 11.933080 14.319661  9.202929 11.812893  8.928393 12.826080 19.711107 10.765545
[10] 11.040259  9.718375  9.357455 14.680402  6.799179 17.719429 13.650045  9.598187 11.452152
[19] 12.722705 15.452857 14.766071 14.422679 12.911571 12.482509 10.679696  4.395607 13.031937
[28] 13.238152 23.471438  9.202929 19.230536 11.091946  9.409321 13.152304 13.804750 11.572696
[37]  8.001232 12.344973 16.242839  8.086902 10.267625 13.031759 15.418696 10.216116 14.525696
[46] 13.804750  9.391795 10.061589 17.616589 13.873429

$julians
[1] 623 735 839 897 988

$intdays
[1] 112 104  58  91

$Bdatesampinfo
       DATE JULIAN N       Mean      Stdev
1 9/15/2007    623 5 0.14368311 0.23448954
2  1/5/2008    735 8 0.02193824 0.06205073
3 4/18/2008    839 7 0.03661028 0.09686170
4 6/15/2008    897 7 0.08139868 0.15268848
5 9/14/2008    988 7 0.08056643 0.10384621

$Ndatesampinfo
       DATE JULIAN N      Mean     Stdev
1 9/15/2007    623 5 15.384000 16.088972
2  1/5/2008    735 8  2.403750  6.798832
3 4/18/2008    839 7  5.494286 14.536514
4 6/15/2008    897 7 10.988571 21.804770
5 9/14/2008    988 7 38.461429 54.393600

$Bdateboots
           [,1]       [,2]       [,3]       [,4]       [,5]
 [1,] 0.1598363 0.00000000 0.07322056 0.08139868 0.04339600
 [2,] 0.2389066 0.02193824 0.03661028 0.08139868 0.08679476
 [3,] 0.1275299 0.04387649 0.00000000 0.05632640 0.15490176
 [4,] 0.0323064 0.00000000 0.03661028 0.11265280 0.05493400
 [5,] 0.0161532 0.00000000 0.03661028 0.05632640 0.12212509
 [6,] 0.1598363 0.00000000 0.00000000 0.10647096 0.06024643
 [7,] 0.1436831 0.02193824 0.07322056 0.08139868 0.07434085
 [8,] 0.0161532 0.00000000 0.03661028 0.21912376 0.16552385
 [9,] 0.1436831 0.02193824 0.00000000 0.05632640 0.09557676
[10,] 0.1759895 0.02193824 0.00000000 0.02507228 0.11865276
[11,] 0.0323064 0.04387649 0.00000000 0.05632640 0.09118852
[12,] 0.2389066 0.06581473 0.00000000 0.02507228 0.08148233
[13,] 0.2389066 0.02193824 0.00000000 0.13772508 0.10619885
[14,] 0.1113767 0.00000000 0.03661028 0.05632640 0.03716767
[15,] 0.1436831 0.00000000 0.03661028 0.13154324 0.15929552
[16,] 0.1598363 0.02193824 0.00000000 0.08139868 0.12835343
[17,] 0.0484596 0.02193824 0.03661028 0.02507228 0.09118852
[18,] 0.1436831 0.02193824 0.03661028 0.10647096 0.06994433
[19,] 0.3502833 0.06581473 0.07322056 0.11265280 0.01684767
[20,] 0.1598363 0.00000000 0.03661028 0.05632640 0.15490176
[21,] 0.2389066 0.00000000 0.03661028 0.16279736 0.09741409
[22,] 0.2389066 0.00000000 0.10983084 0.13772508 0.05401809
[23,] 0.0646128 0.00000000 0.07322056 0.08139868 0.08495466
[24,] 0.1436831 0.02193824 0.10983084 0.05014456 0.06902843
[25,] 0.2227534 0.04387649 0.03661028 0.08139868 0.07178443
[26,] 0.0323064 0.00000000 0.00000000 0.02507228 0.04870843
[27,] 0.0484596 0.02193824 0.03661028 0.13772508 0.08056643
[28,] 0.0323064 0.02193824 0.03661028 0.13772508 0.08496019
[29,] 0.0646128 0.02193824 0.14644112 0.21912376 0.13458728
[30,] 0.1113767 0.00000000 0.03661028 0.08139868 0.06371600
[31,] 0.1598363 0.00000000 0.03661028 0.16897920 0.14336928
[32,] 0.0323064 0.04387649 0.07322056 0.00000000 0.10803619
[33,] 0.2550598 0.00000000 0.00000000 0.02507228 0.09026985
[34,] 0.0323064 0.04387649 0.03661028 0.08139868 0.10619885
[35,] 0.1275299 0.00000000 0.10983084 0.08139868 0.09118852
[36,] 0.0484596 0.04387649 0.03661028 0.07521684 0.09118852
[37,] 0.0323064 0.04387649 0.00000000 0.02507228 0.08587609
[38,] 0.3664365 0.02193824 0.03661028 0.11265280 0.04339600
[39,] 0.0323064 0.04387649 0.07322056 0.02507228 0.17083352
[40,] 0.0323064 0.02193824 0.03661028 0.13154324 0.02838567
[41,] 0.2550598 0.04387649 0.00000000 0.08139868 0.05309943
[42,] 0.1275299 0.02193824 0.07322056 0.11265280 0.06371600
[43,] 0.2550598 0.04387649 0.00000000 0.11265280 0.11773685
[44,] 0.1598363 0.02193824 0.00000000 0.13772508 0.03717043
[45,] 0.0323064 0.04387649 0.03661028 0.16897920 0.07433809
[46,] 0.3664365 0.00000000 0.03661028 0.08139868 0.09649819
[47,] 0.1436831 0.02193824 0.03661028 0.08139868 0.05493400
[48,] 0.1113767 0.04387649 0.07322056 0.07521684 0.06024643
[49,] 0.1113767 0.04387649 0.03661028 0.08139868 0.18145561
[50,] 0.2550598 0.00000000 0.07322056 0.05014456 0.10619885

$Ndateboots
        [,1]    [,2]      [,3]      [,4]      [,5]
 [1,] 19.230 0.00000 10.988571 10.988571 19.230000
 [2,] 19.230 2.40375  5.494286 10.988571 38.461429
 [3,] 11.538 4.80750  0.000000  8.241429 76.921429
 [4,]  7.692 0.00000  5.494286 16.482857 21.977143
 [5,]  3.846 0.00000  5.494286  8.241429 63.185714
 [6,] 19.230 0.00000  0.000000 13.735714 24.725714
 [7,] 15.384 2.40375 10.988571 10.988571 38.462857
 [8,]  3.846 0.00000  5.494286 30.218571 82.417143
 [9,] 15.384 2.40375  0.000000  8.241429 49.450000
[10,] 23.076 2.40375  0.000000  2.747143 54.944286
[11,]  7.692 4.80750  0.000000  8.241429 43.957143
[12,] 19.230 7.21125  0.000000  2.747143 35.712857
[13,] 19.230 2.40375  0.000000 19.230000 54.945714
[14,]  7.692 0.00000  5.494286  8.241429 19.230000
[15,] 15.384 0.00000  5.494286 16.482857 82.417143
[16,] 19.230 2.40375  0.000000 10.988571 63.185714
[17,] 11.538 2.40375  5.494286  2.747143 43.957143
[18,] 15.384 2.40375  5.494286 13.735714 32.965714
[19,] 26.922 7.21125 10.988571 16.482857  5.494286
[20,] 19.230 0.00000  5.494286  8.241429 76.921429
[21,] 19.230 0.00000  5.494286 21.977143 43.955714
[22,] 19.230 0.00000 16.482857 19.230000 24.725714
[23,] 15.384 0.00000 10.988571 10.988571 43.954286
[24,] 15.384 2.40375 16.482857  5.494286 35.714286
[25,] 15.384 4.80750  5.494286 10.988571 27.472857
[26,]  7.692 0.00000  0.000000  2.747143 21.978571
[27,] 11.538 2.40375  5.494286 19.230000 38.461429
[28,]  7.692 2.40375  5.494286 19.230000 43.957143
[29,] 15.384 2.40375 21.977143 30.218571 63.188571
[30,]  7.692 0.00000  5.494286 10.988571 32.965714
[31,] 19.230 0.00000  5.494286 24.724286 74.177143
[32,]  7.692 4.80750 10.988571  0.000000 49.451429
[33,] 23.076 0.00000  0.000000  2.747143 46.704286
[34,]  7.692 4.80750  5.494286 10.988571 54.945714
[35,] 11.538 0.00000 16.482857 10.988571 43.957143
[36,] 11.538 4.80750  5.494286  8.241429 43.957143
[37,]  7.692 4.80750  0.000000  2.747143 41.208571
[38,] 30.768 2.40375  5.494286 16.482857 19.230000
[39,]  7.692 4.80750 10.988571  2.747143 85.164286
[40,]  7.692 2.40375  5.494286 16.482857  8.241429
[41,] 23.076 4.80750  0.000000 10.988571 27.472857
[42,] 11.538 2.40375 10.988571 16.482857 32.965714
[43,] 23.076 4.80750  0.000000 16.482857 57.692857
[44,] 19.230 2.40375  0.000000 19.230000 19.231429
[45,]  7.692 4.80750  5.494286 24.724286 38.461429
[46,] 30.768 0.00000  5.494286 10.988571 46.704286
[47,] 15.384 2.40375  5.494286 10.988571 21.977143
[48,]  7.692 4.80750 10.988571  8.241429 24.725714
[49,]  7.692 4.80750  5.494286 10.988571 90.660000
[50,] 23.076 0.00000 10.988571  5.494286 54.945714

