$totdays
[1] 365

$cpi
 [1] 335.7253 361.1929 360.3452 363.1160 349.8781 361.7899 343.3251 337.7473 339.5241 363.9128
[11] 352.6942 356.5772 335.4439 349.0787 344.6481 338.7675 354.2171 337.4592 352.3480 349.4374
[21] 357.1530 338.4744 358.6015 349.6560 347.3340 363.4368 354.1410 360.8610 336.4712 345.1251
[31] 345.1009 363.7661 356.8096 347.0283 363.9012 347.4977 339.0237 335.2692 360.7698 350.5853
[41] 348.2251 357.7458 353.4197 342.8451 356.9333 346.2777 335.9252 342.3797 359.1960 357.7212

$Psampest
[1] 11.78372

$Pbootest
     Mean      2.5%       50%     97.5% 
11.587514  6.391251 11.336321 17.086269 

$Pboots
 [1] 10.478106  6.647632 15.525124 10.904652 14.238893 12.950357 10.565343 12.464018  8.021260
[10] 13.017749 16.657549 11.029595 12.205064 15.492984 16.285972  9.442375 10.327082  6.702896
[19] 16.812171 12.345546 11.225447  8.327425  9.810052 17.165845 10.319421 10.786245  8.417040
[28]  4.476910 15.673058  8.547373 12.351723 20.910035  9.313269  6.316818  7.026011 11.824760
[37] 10.168437 15.781219 11.879547 11.217387 10.149957  6.898260 11.522855 13.284065 14.371650
[46] 14.018410 11.605663  9.956675 11.447196 12.468559

$Bboots
 [1] 1.7708266 1.2369194 3.0130518 1.9444783 2.6042148 2.3609724 2.0605707 2.1598725 1.0594900
[10] 2.3462141 3.3515134 2.0693327 2.1446801 2.7316312 2.9476828 1.7048099 1.7721495 1.0343276
[19] 3.1217277 2.4161896 2.3883246 1.5692612 1.6381522 3.2157346 1.9295007 2.1740061 1.8743047
[28] 0.7450533 3.0139696 1.5192215 2.2250344 4.0227826 1.7513508 0.8112454 1.1653391 2.1791109
[37] 1.8491898 2.6492566 2.1395129 2.3040545 2.1021789 1.3090707 1.7688048 2.2086377 2.9696341
[46] 2.4802874 2.1956037 1.9863706 2.4139611 2.5886375

$Nboots
 [1]  5.065045  6.352768 10.061411  8.155580 10.336125 11.108759  6.885027  6.438616  8.086902
[10] 10.679518 14.474009  9.992732  8.859536 12.207616 11.520830 10.851214  9.202929  9.374625
[19] 11.074420  8.670670  9.649339  7.142571  7.314268 10.387634  7.983884  6.095223  5.665982
[28]  7.073893  8.945384  7.898036 12.568179 13.752884  8.687839  7.640491  9.031232 10.439143
[37]  7.056723  9.615000 11.778375  9.099911  9.700848  9.048402  9.185759 13.495339 11.091589
[46] 11.984411  7.382946  9.374625  9.872545 11.434982

$julians
[1] 623 735 839 897 988

$intdays
[1] 112 104  58  91

$Bdatesampinfo
       DATE JULIAN N      Mean      Stdev
1 9/15/2007    623 5 0.0307680 0.06879934
2  1/5/2008    735 8 3.8888487 7.03342987
3 4/18/2008    839 7 0.1538022 0.40692226
4 6/15/2008    897 7 3.5415202 6.86947890
5 9/14/2008    988 7 2.5889963 6.84984042

$Ndatesampinfo
       DATE JULIAN N      Mean     Stdev
1 9/15/2007    623 5  7.692000 17.199835
2  1/5/2008    735 8 14.422500  8.901760
3 4/18/2008    839 7  5.494286 14.536514
4 6/15/2008    897 7 13.735714 14.536514
5 9/14/2008    988 7  2.747143  7.268257

$Bdateboots
          [,1]       [,2]      [,3]      [,4]     [,5]
 [1,] 0.000000 3.87923374 0.0000000 0.6150762 5.177993
 [2,] 0.000000 3.09314702 0.0000000 1.8545306 0.000000
 [3,] 0.030768 5.29123036 0.1538022 4.0027942 5.177993
 [4,] 0.000000 3.93690718 0.1538022 2.3927057 2.588996
 [5,] 0.061536 6.08693208 0.0000000 1.7101628 5.177993
 [6,] 0.061536 0.22109533 0.1538022 6.4492278 5.177993
 [7,] 0.030768 6.15422052 0.0000000 0.7781803 2.588996
 [8,] 0.000000 5.28161536 0.0000000 0.7688784 5.177993
 [9,] 0.030768 0.16342189 0.0000000 1.4701576 5.177993
[10,] 0.061536 2.31344678 0.1538022 3.0033450 7.766989
[11,] 0.092304 6.07731708 0.4614065 5.5266797 2.588996
[12,] 0.061536 3.03547357 0.0000000 3.9165912 2.588996
[13,] 0.030768 6.33685585 0.1538022 0.7781803 2.588996
[14,] 0.030768 1.62347695 0.3076043 6.3910630 5.177993
[15,] 0.030768 3.02585857 0.3076043 5.8528879 5.177993
[16,] 0.061536 3.17005046 0.1538022 3.4646191 0.000000
[17,] 0.030768 3.85040529 0.1538022 0.4800103 5.177993
[18,] 0.030768 1.57541851 0.1538022 2.3927057 0.000000
[19,] 0.000000 6.21189397 0.3076043 3.3784161 5.177993
[20,] 0.000000 4.75183890 0.1538022 3.4646191 2.588996
[21,] 0.061536 6.20227897 0.1538022 3.1664491 0.000000
[22,] 0.030768 5.48348069 0.0000000 0.7781803 0.000000
[23,] 0.030768 3.09314702 0.0000000 0.8550814 5.177993
[24,] 0.000000 8.40997731 0.3076043 1.5563606 5.177993
[25,] 0.000000 3.04508857 0.0000000 3.3784161 2.588996
[26,] 0.000000 3.93690718 0.0000000 3.4646191 2.588996
[27,] 0.000000 6.94030724 0.0000000 0.5569114 0.000000
[28,] 0.061536 1.55618851 0.0000000 1.3932565 0.000000
[29,] 0.030768 7.36758033 0.1538022 3.2246139 2.588996
[30,] 0.000000 3.85040529 0.1538022 0.7781803 2.588996
[31,] 0.061536 3.96575218 0.3076043 3.3015150 2.588996
[32,] 0.030768 5.35851880 0.3076043 6.5261289 7.766989
[33,] 0.030768 3.20849391 0.0000000 3.7815253 0.000000
[34,] 0.000000 0.08651844 0.1538022 1.7101628 2.588996
[35,] 0.030768 2.42879367 0.3076043 0.6150762 2.588996
[36,] 0.092304 6.67438198 0.3076043 0.3938073 2.588996
[37,] 0.030768 3.08353202 0.0000000 3.0033450 2.588996
[38,] 0.000000 4.68777897 0.1538022 3.1664491 5.177993
[39,] 0.030768 3.94652218 0.4614065 2.8402409 2.588996
[40,] 0.000000 4.68455046 0.1538022 4.3778653 0.000000
[41,] 0.000000 4.63649201 0.3076043 3.4646191 0.000000
[42,] 0.061536 3.82156029 0.3076043 1.0763503 0.000000
[43,] 0.000000 3.08353202 0.1538022 1.2488887 5.177993
[44,] 0.030768 2.31344678 0.6152086 3.3015150 5.177993
[45,] 0.030768 6.88263380 0.3076043 3.3784161 2.588996
[46,] 0.092304 3.88884874 0.1538022 3.2433502 5.177993
[47,] 0.000000 6.94030724 0.1538022 0.3938073 2.588996
[48,] 0.030768 3.77350185 0.1538022 4.0027942 0.000000
[49,] 0.000000 3.82156029 0.3076043 5.5266797 0.000000
[50,] 0.030768 6.08693208 0.1538022 4.0984316 0.000000

$Ndateboots
        [,1]     [,2]      [,3]      [,4]     [,5]
 [1,]  0.000 12.01875  0.000000  5.494286 5.494286
 [2,]  0.000 14.42250  0.000000 10.988571 0.000000
 [3,]  7.692 14.42250  5.494286 13.735714 5.494286
 [4,]  0.000 12.01875  5.494286 13.735714 2.747143
 [5,] 15.384 14.42250  0.000000 16.482857 5.494286
 [6,] 15.384 12.01875  5.494286 16.482857 5.494286
 [7,]  7.692 16.82625  0.000000  5.494286 2.747143
 [8,]  0.000 12.01875  0.000000 10.988571 5.494286
 [9,]  7.692 12.01875  0.000000 13.735714 5.494286
[10,] 15.384 14.42250  5.494286 10.988571 8.241429
[11,] 23.076 12.01875 16.482857 16.482857 2.747143
[12,] 15.384 14.42250  0.000000 16.482857 2.747143
[13,]  7.692 19.23000  5.494286  5.494286 2.747143
[14,]  7.692 12.01875 10.988571 19.230000 5.494286
[15,]  7.692 12.01875 10.988571 16.482857 5.494286
[16,] 15.384 19.23000  5.494286 10.988571 0.000000
[17,]  7.692 19.23000  5.494286  5.494286 5.494286
[18,]  7.692 14.42250  5.494286 13.735714 0.000000
[19,]  0.000 16.82625 10.988571 13.735714 5.494286
[20,]  0.000 16.82625  5.494286 10.988571 2.747143
[21,] 15.384 14.42250  5.494286 10.988571 0.000000
[22,]  7.692 19.23000  0.000000  5.494286 0.000000
[23,]  7.692 14.42250  0.000000  8.241429 5.494286
[24,]  0.000 16.82625 10.988571 10.988571 5.494286
[25,]  0.000 16.82625  0.000000 13.735714 2.747143
[26,]  0.000 12.01875  0.000000 10.988571 2.747143
[27,]  0.000 14.42250  0.000000  8.241429 0.000000
[28,] 15.384  9.61500  0.000000 10.988571 0.000000
[29,]  7.692 16.82625  5.494286  8.241429 2.747143
[30,]  0.000 19.23000  5.494286  5.494286 2.747143
[31,] 15.384 19.23000 10.988571 10.988571 2.747143
[32,]  7.692 16.82625 10.988571 19.230000 8.241429
[33,]  7.692 14.42250  0.000000 16.482857 0.000000
[34,]  0.000  7.21125  5.494286 16.482857 2.747143
[35,]  7.692 14.42250 10.988571  5.494286 2.747143
[36,] 23.076  9.61500 10.988571  8.241429 2.747143
[37,]  7.692 12.01875  0.000000 10.988571 2.747143
[38,]  0.000 19.23000  5.494286 10.988571 5.494286
[39,]  7.692 14.42250 16.482857 10.988571 2.747143
[40,]  0.000 14.42250  5.494286 16.482857 0.000000
[41,]  0.000 16.82625 10.988571 10.988571 0.000000
[42,] 15.384 12.01875 10.988571  5.494286 0.000000
[43,]  0.000 12.01875  5.494286 16.482857 5.494286
[44,]  7.692 14.42250 21.977143 10.988571 5.494286
[45,]  7.692 14.42250 10.988571 13.735714 2.747143
[46,] 23.076 14.42250  5.494286 13.735714 5.494286
[47,]  0.000 14.42250  5.494286  8.241429 2.747143
[48,]  7.692 14.42250  5.494286 13.735714 0.000000
[49,]  0.000 12.01875 10.988571 16.482857 0.000000
[50,]  7.692 14.42250  5.494286 21.977143 0.000000

