$totdays
[1] 365

$pb
[1] 5

$Psampest
[1] 1.223861

$Pbootest
     Mean      2.5%       50%     97.5% 
1.2793988 0.4650763 1.3019760 1.8865820 

$Pboots
 [1] 1.2749919 2.2403606 0.6673048 1.5674062 1.3289601 1.4964894 0.9512324 1.8513338 0.9399333
[10] 0.7837031 0.5509065 0.9910643 1.3857407 0.9512324 1.7236364 1.3402592 1.2238609 1.2749919
[19] 1.0619812 1.1074626 1.5617567 1.4566575 1.6185373 1.7236364 1.6128877 1.5617567 1.1727299
[28] 1.8968153 1.6128877 0.7184358 1.4566575 0.4401578 1.4964894 1.1783795 0.8291846 1.2182113
[37] 1.4566575 1.1840290 0.4401578 1.0676307 1.5077885 1.4623071 1.3800911 1.6128877 1.1131122
[46] 1.6128877 1.3857407 1.1074626 1.2693424 1.1018130

$Bboots
 [1] 0.25499838 0.44807213 0.13346096 0.31348125 0.26579202 0.29929788 0.19024649 0.37026677
 [9] 0.18798666 0.15674062 0.11018130 0.19821286 0.27714813 0.19024649 0.34472729 0.26805184
[17] 0.24477218 0.25499838 0.21239623 0.22149252 0.31235134 0.29133150 0.32370745 0.34472729
[25] 0.32257754 0.31235134 0.23454598 0.37936306 0.32257754 0.14368717 0.29133150 0.08803156
[33] 0.29929788 0.23567589 0.16583691 0.24364227 0.29133150 0.23680581 0.08803156 0.21352615
[41] 0.30155770 0.29246141 0.27601822 0.32257754 0.22262243 0.32257754 0.27714813 0.22149252
[49] 0.25386847 0.22036261

$Nboots
 [1] 6.30 7.56 2.52 5.04 5.04 6.30 3.78 6.30 3.78 2.52 2.52 5.04 6.30 3.78 6.30 5.04 5.04 6.30
[19] 3.78 5.04 5.04 5.04 6.30 6.30 6.30 5.04 3.78 7.56 6.30 3.78 5.04 2.52 6.30 3.78 3.78 5.04
[37] 5.04 3.78 2.52 3.78 6.30 5.04 6.30 6.30 5.04 6.30 6.30 5.04 6.30 5.04

$julians
[1] 623 735 839 897 988

$intdays
[1] 112 104  58  91

$Bdatesampinfo
       DATE JULIAN N      Mean     Stdev
1 9/15/2007    623 3 1.0676877 0.9620893
2  1/5/2008    735 3 0.0000000 0.0000000
3 4/18/2008    839 3 0.4452449 0.4761533
4 6/15/2008    897 3 0.0000000 0.0000000
5 9/14/2008    988 3 0.0000000 0.0000000

$Ndatesampinfo
       DATE JULIAN N  Mean     Stdev
1 9/15/2007    623 3 20.16 17.459072
2  1/5/2008    735 3  0.00  0.000000
3 4/18/2008    839 3 10.08  8.729536
4 6/15/2008    897 3  0.00  0.000000
5 9/14/2008    988 3  0.00  0.000000

$Bdateboots
           [,1] [,2]      [,3] [,4] [,5]
 [1,] 0.8904897    0 0.5747487    0    0
 [2,] 1.6901306    0 0.9472232    0    0
 [3,] 1.0676877    0 0.0000000    0    0
 [4,] 1.2448857    0 0.6314821    0    0
 [5,] 1.8673285    0 0.1295038    0    0
 [6,] 1.2448857    0 0.5747487    0    0
 [7,] 0.8904897    0 0.3157411    0    0
 [8,] 1.0676877    0 0.9472232    0    0
 [9,] 1.2448857    0 0.1295038    0    0
[10,] 0.6224428    0 0.3157411    0    0
[11,] 0.6224428    0 0.1295038    0    0
[12,] 1.0676877    0 0.2590076    0    0
[13,] 1.0676877    0 0.5747487    0    0
[14,] 0.8904897    0 0.3157411    0    0
[15,] 1.8673285    0 0.4452449    0    0
[16,] 0.6224428    0 0.7609859    0    0
[17,] 1.0676877    0 0.4452449    0    0
[18,] 0.8904897    0 0.5747487    0    0
[19,] 1.0676877    0 0.3157411    0    0
[20,] 1.5129326    0 0.1295038    0    0
[21,] 1.8673285    0 0.3157411    0    0
[22,] 1.0676877    0 0.6314821    0    0
[23,] 1.0676877    0 0.7609859    0    0
[24,] 1.8673285    0 0.4452449    0    0
[25,] 1.6901306    0 0.4452449    0    0
[26,] 1.8673285    0 0.3157411    0    0
[27,] 1.2448857    0 0.3157411    0    0
[28,] 1.5129326    0 0.7609859    0    0
[29,] 1.6901306    0 0.4452449    0    0
[30,] 0.8904897    0 0.1295038    0    0
[31,] 1.0676877    0 0.6314821    0    0
[32,] 0.4452449    0 0.1295038    0    0
[33,] 1.2448857    0 0.5747487    0    0
[34,] 0.6224428    0 0.6314821    0    0
[35,] 1.0676877    0 0.1295038    0    0
[36,] 1.6901306    0 0.1295038    0    0
[37,] 1.0676877    0 0.6314821    0    0
[38,] 0.0000000    0 0.9472232    0    0
[39,] 0.4452449    0 0.1295038    0    0
[40,] 0.4452449    0 0.6314821    0    0
[41,] 0.8904897    0 0.7609859    0    0
[42,] 0.4452449    0 0.9472232    0    0
[43,] 1.6901306    0 0.2590076    0    0
[44,] 1.6901306    0 0.4452449    0    0
[45,] 0.8904897    0 0.4452449    0    0
[46,] 1.6901306    0 0.4452449    0    0
[47,] 1.0676877    0 0.5747487    0    0
[48,] 1.5129326    0 0.1295038    0    0
[49,] 1.5129326    0 0.2590076    0    0
[50,] 1.2448857    0 0.2590076    0    0

$Ndateboots
       [,1] [,2]  [,3] [,4] [,5]
 [1,] 20.16    0 15.12    0    0
 [2,] 30.24    0 15.12    0    0
 [3,] 20.16    0  0.00    0    0
 [4,] 20.16    0 10.08    0    0
 [5,] 30.24    0  5.04    0    0
 [6,] 20.16    0 15.12    0    0
 [7,] 20.16    0  5.04    0    0
 [8,] 20.16    0 15.12    0    0
 [9,] 20.16    0  5.04    0    0
[10,] 10.08    0  5.04    0    0
[11,] 10.08    0  5.04    0    0
[12,] 20.16    0 10.08    0    0
[13,] 20.16    0 15.12    0    0
[14,] 20.16    0  5.04    0    0
[15,] 30.24    0 10.08    0    0
[16,] 10.08    0 15.12    0    0
[17,] 20.16    0 10.08    0    0
[18,] 20.16    0 15.12    0    0
[19,] 20.16    0  5.04    0    0
[20,] 30.24    0  5.04    0    0
[21,] 30.24    0  5.04    0    0
[22,] 20.16    0 10.08    0    0
[23,] 20.16    0 15.12    0    0
[24,] 30.24    0 10.08    0    0
[25,] 30.24    0 10.08    0    0
[26,] 30.24    0  5.04    0    0
[27,] 20.16    0  5.04    0    0
[28,] 30.24    0 15.12    0    0
[29,] 30.24    0 10.08    0    0
[30,] 20.16    0  5.04    0    0
[31,] 20.16    0 10.08    0    0
[32,] 10.08    0  5.04    0    0
[33,] 20.16    0 15.12    0    0
[34,] 10.08    0 10.08    0    0
[35,] 20.16    0  5.04    0    0
[36,] 30.24    0  5.04    0    0
[37,] 20.16    0 10.08    0    0
[38,]  0.00    0 15.12    0    0
[39,] 10.08    0  5.04    0    0
[40,] 10.08    0 10.08    0    0
[41,] 20.16    0 15.12    0    0
[42,] 10.08    0 15.12    0    0
[43,] 30.24    0 10.08    0    0
[44,] 30.24    0 10.08    0    0
[45,] 20.16    0 10.08    0    0
[46,] 30.24    0 10.08    0    0
[47,] 20.16    0 15.12    0    0
[48,] 30.24    0  5.04    0    0
[49,] 30.24    0 10.08    0    0
[50,] 20.16    0 10.08    0    0

