$totdays
[1] 365

$pb
[1] 5

$Psampest
[1] 0.01864221

$Pbootest
       Mean        2.5%         50%       97.5% 
0.018470851 0.001845109 0.017136000 0.035778211 

$Pboots
 [1] 0.020148422 0.017136000 0.003012422 0.018642211 0.010074211 0.017136000 0.011580422
 [8] 0.025704000 0.013086634 0.010074211 0.035778211 0.008568000 0.037284422 0.018642211
[15] 0.027210211 0.017136000 0.020148422 0.010074211 0.035778211 0.018642211 0.017136000
[22] 0.018642211 0.010074211 0.025704000 0.008568000 0.035778211 0.000000000 0.008568000
[29] 0.027210211 0.034272000 0.028716422 0.011580422 0.028716422 0.025704000 0.017136000
[36] 0.025704000 0.028716422 0.010074211 0.008568000 0.020148422 0.017136000 0.028716422
[43] 0.004518634 0.027210211 0.001506211 0.011580422 0.027210211 0.011580422 0.017136000
[50] 0.010074211

$Bboots
 [1] 0.0040296845 0.0034272000 0.0006024845 0.0037284422 0.0020148422 0.0034272000
 [7] 0.0023160845 0.0051408000 0.0026173267 0.0020148422 0.0071556422 0.0017136000
[13] 0.0074568845 0.0037284422 0.0054420422 0.0034272000 0.0040296845 0.0020148422
[19] 0.0071556422 0.0037284422 0.0034272000 0.0037284422 0.0020148422 0.0051408000
[25] 0.0017136000 0.0071556422 0.0000000000 0.0017136000 0.0054420422 0.0068544000
[31] 0.0057432845 0.0023160845 0.0057432845 0.0051408000 0.0034272000 0.0051408000
[37] 0.0057432845 0.0020148422 0.0017136000 0.0040296845 0.0034272000 0.0057432845
[43] 0.0009037267 0.0054420422 0.0003012422 0.0023160845 0.0054420422 0.0023160845
[49] 0.0034272000 0.0020148422

$Nboots
 [1] 10.92  2.52  8.40  6.72  5.46  2.52  9.66  3.78 13.86  5.46  9.24  1.26 13.44  6.72  7.98
[16]  2.52 10.92  5.46  9.24  6.72  2.52  6.72  5.46  3.78  1.26  9.24  0.00  1.26  7.98  5.04
[31] 12.18  9.66 12.18  3.78  2.52  3.78 12.18  5.46  1.26 10.92  2.52 12.18 12.60  7.98  4.20
[46]  9.66  7.98  9.66  2.52  5.46

$julians
[1] 623 735 839 897 988

$intdays
[1] 112 104  58  91

$Bdatesampinfo
       DATE JULIAN N        Mean       Stdev
1 9/15/2007    623 3 0.000000000 0.000000000
2  1/5/2008    735 3 0.001204969 0.002087067
3 4/18/2008    839 3 0.000000000 0.000000000
4 6/15/2008    897 3 0.006854400 0.011872169
5 9/14/2008    988 3 0.013708800 0.023744338

$Ndatesampinfo
       DATE JULIAN N  Mean     Stdev
1 9/15/2007    623 3  0.00  0.000000
2  1/5/2008    735 3 16.80 29.098454
3 4/18/2008    839 3  0.00  0.000000
4 6/15/2008    897 3  5.04  8.729536
5 9/14/2008    988 3 10.08 17.459072

$Bdateboots
      [,1]        [,2] [,3]      [,4]      [,5]
 [1,]    0 0.002409938    0 0.0137088 0.0000000
 [2,]    0 0.000000000    0 0.0137088 0.0000000
 [3,]    0 0.002409938    0 0.0000000 0.0000000
 [4,]    0 0.001204969    0 0.0068544 0.0137088
 [5,]    0 0.001204969    0 0.0000000 0.0137088
 [6,]    0 0.000000000    0 0.0068544 0.0137088
 [7,]    0 0.002409938    0 0.0068544 0.0000000
 [8,]    0 0.000000000    0 0.0068544 0.0274176
 [9,]    0 0.003614907    0 0.0068544 0.0000000
[10,]    0 0.001204969    0 0.0000000 0.0137088
[11,]    0 0.001204969    0 0.0137088 0.0274176
[12,]    0 0.000000000    0 0.0068544 0.0000000
[13,]    0 0.002409938    0 0.0068544 0.0411264
[14,]    0 0.001204969    0 0.0000000 0.0274176
[15,]    0 0.001204969    0 0.0137088 0.0137088
[16,]    0 0.000000000    0 0.0068544 0.0137088
[17,]    0 0.002409938    0 0.0000000 0.0274176
[18,]    0 0.001204969    0 0.0000000 0.0137088
[19,]    0 0.001204969    0 0.0068544 0.0411264
[20,]    0 0.001204969    0 0.0000000 0.0274176
[21,]    0 0.000000000    0 0.0000000 0.0274176
[22,]    0 0.001204969    0 0.0068544 0.0137088
[23,]    0 0.001204969    0 0.0068544 0.0000000
[24,]    0 0.000000000    0 0.0137088 0.0137088
[25,]    0 0.000000000    0 0.0068544 0.0000000
[26,]    0 0.001204969    0 0.0205632 0.0137088
[27,]    0 0.000000000    0 0.0000000 0.0000000
[28,]    0 0.000000000    0 0.0068544 0.0000000
[29,]    0 0.001204969    0 0.0137088 0.0137088
[30,]    0 0.000000000    0 0.0137088 0.0274176
[31,]    0 0.002409938    0 0.0137088 0.0137088
[32,]    0 0.002409938    0 0.0068544 0.0000000
[33,]    0 0.002409938    0 0.0068544 0.0274176
[34,]    0 0.000000000    0 0.0137088 0.0137088
[35,]    0 0.000000000    0 0.0000000 0.0274176
[36,]    0 0.000000000    0 0.0137088 0.0137088
[37,]    0 0.002409938    0 0.0137088 0.0137088
[38,]    0 0.001204969    0 0.0068544 0.0000000
[39,]    0 0.000000000    0 0.0068544 0.0000000
[40,]    0 0.002409938    0 0.0068544 0.0137088
[41,]    0 0.000000000    0 0.0068544 0.0137088
[42,]    0 0.002409938    0 0.0000000 0.0411264
[43,]    0 0.003614907    0 0.0000000 0.0000000
[44,]    0 0.001204969    0 0.0068544 0.0274176
[45,]    0 0.001204969    0 0.0000000 0.0000000
[46,]    0 0.002409938    0 0.0000000 0.0137088
[47,]    0 0.001204969    0 0.0068544 0.0274176
[48,]    0 0.002409938    0 0.0068544 0.0000000
[49,]    0 0.000000000    0 0.0000000 0.0274176
[50,]    0 0.001204969    0 0.0000000 0.0137088

$Ndateboots
      [,1] [,2] [,3]  [,4]  [,5]
 [1,]    0 33.6    0 10.08  0.00
 [2,]    0  0.0    0 10.08  0.00
 [3,]    0 33.6    0  0.00  0.00
 [4,]    0 16.8    0  5.04 10.08
 [5,]    0 16.8    0  0.00 10.08
 [6,]    0  0.0    0  5.04 10.08
 [7,]    0 33.6    0  5.04  0.00
 [8,]    0  0.0    0  5.04 20.16
 [9,]    0 50.4    0  5.04  0.00
[10,]    0 16.8    0  0.00 10.08
[11,]    0 16.8    0 10.08 20.16
[12,]    0  0.0    0  5.04  0.00
[13,]    0 33.6    0  5.04 30.24
[14,]    0 16.8    0  0.00 20.16
[15,]    0 16.8    0 10.08 10.08
[16,]    0  0.0    0  5.04 10.08
[17,]    0 33.6    0  0.00 20.16
[18,]    0 16.8    0  0.00 10.08
[19,]    0 16.8    0  5.04 30.24
[20,]    0 16.8    0  0.00 20.16
[21,]    0  0.0    0  0.00 20.16
[22,]    0 16.8    0  5.04 10.08
[23,]    0 16.8    0  5.04  0.00
[24,]    0  0.0    0 10.08 10.08
[25,]    0  0.0    0  5.04  0.00
[26,]    0 16.8    0 15.12 10.08
[27,]    0  0.0    0  0.00  0.00
[28,]    0  0.0    0  5.04  0.00
[29,]    0 16.8    0 10.08 10.08
[30,]    0  0.0    0 10.08 20.16
[31,]    0 33.6    0 10.08 10.08
[32,]    0 33.6    0  5.04  0.00
[33,]    0 33.6    0  5.04 20.16
[34,]    0  0.0    0 10.08 10.08
[35,]    0  0.0    0  0.00 20.16
[36,]    0  0.0    0 10.08 10.08
[37,]    0 33.6    0 10.08 10.08
[38,]    0 16.8    0  5.04  0.00
[39,]    0  0.0    0  5.04  0.00
[40,]    0 33.6    0  5.04 10.08
[41,]    0  0.0    0  5.04 10.08
[42,]    0 33.6    0  0.00 30.24
[43,]    0 50.4    0  0.00  0.00
[44,]    0 16.8    0  5.04 20.16
[45,]    0 16.8    0  0.00  0.00
[46,]    0 33.6    0  0.00 10.08
[47,]    0 16.8    0  5.04 20.16
[48,]    0 33.6    0  5.04  0.00
[49,]    0  0.0    0  0.00 20.16
[50,]    0 16.8    0  0.00 10.08

