$totdays
[1] 365

$cpi
 [1] 359.1268 358.5439 335.7406 357.1315 361.8187 363.2220 350.5135 359.4281 346.8345 348.8641
[11] 357.8617 351.1846 336.5739 345.7069 364.0290 359.1127 343.7368 359.4187 357.9108 362.4706
[21] 362.6925 339.9470 351.1746 339.9194 354.0539 341.0893 347.3275 341.3709 361.2322 341.8961
[31] 336.3997 362.4358 341.6143 345.7482 352.9783 340.1897 348.5472 364.9746 354.9301 347.7614
[41] 355.4784 340.5935 346.2167 359.5627 349.2525 356.0001 339.5612 343.9332 340.7502 336.6862

$Psampest
[1] 1.36628

$Pbootest
    Mean     2.5%      50%    97.5% 
1.478525 0.000000 1.373761 3.731800 

$Pboots
 [1] 3.994672 1.333722 1.424308 1.338997 1.321651 2.633090 1.364278 0.000000 1.378750 1.370729
[11] 0.000000 1.361671 2.841563 2.766493 1.313626 1.331610 1.391175 0.000000 0.000000 0.000000
[21] 0.000000 0.000000 1.361710 1.406798 1.350636 1.401973 1.376793 2.801633 1.323797 2.797330
[31] 2.843034 1.319401 1.399818 1.383082 2.709504 2.811361 0.000000 1.310223 2.694604 0.000000
[41] 1.345224 1.404014 0.000000 3.989829 0.000000 2.686505 1.408282 1.390380 1.403368 2.840615

$Bboots
 [1] 0.27945297 0.09315099 0.09315099 0.09315099 0.09315099 0.18630198 0.09315099 0.00000000
 [9] 0.09315099 0.09315099 0.00000000 0.09315099 0.18630198 0.18630198 0.09315099 0.09315099
[17] 0.09315099 0.00000000 0.00000000 0.00000000 0.00000000 0.00000000 0.09315099 0.09315099
[25] 0.09315099 0.09315099 0.09315099 0.18630198 0.09315099 0.18630198 0.18630198 0.09315099
[33] 0.09315099 0.09315099 0.18630198 0.18630198 0.00000000 0.09315099 0.18630198 0.00000000
[41] 0.09315099 0.09315099 0.00000000 0.27945297 0.00000000 0.18630198 0.09315099 0.09315099
[49] 0.09315099 0.18630198

$Nboots
 [1] 3.78 1.26 1.26 1.26 1.26 2.52 1.26 0.00 1.26 1.26 0.00 1.26 2.52 2.52 1.26 1.26 1.26 0.00
[19] 0.00 0.00 0.00 0.00 1.26 1.26 1.26 1.26 1.26 2.52 1.26 2.52 2.52 1.26 1.26 1.26 2.52 2.52
[37] 0.00 1.26 2.52 0.00 1.26 1.26 0.00 3.78 0.00 2.52 1.26 1.26 1.26 2.52

$julians
[1] 623 735 839 897 988

$intdays
[1] 112 104  58  91

$Bdatesampinfo
       DATE JULIAN N      Mean    Stdev
1 9/15/2007    623 3 0.7452079 1.290738
2  1/5/2008    735 3 0.0000000 0.000000
3 4/18/2008    839 3 0.0000000 0.000000
4 6/15/2008    897 3 0.0000000 0.000000
5 9/14/2008    988 3 0.0000000 0.000000

$Ndatesampinfo
       DATE JULIAN N  Mean    Stdev
1 9/15/2007    623 3 10.08 17.45907
2  1/5/2008    735 3  0.00  0.00000
3 4/18/2008    839 3  0.00  0.00000
4 6/15/2008    897 3  0.00  0.00000
5 9/14/2008    988 3  0.00  0.00000

$Bdateboots
           [,1] [,2] [,3] [,4] [,5]
 [1,] 2.2356237    0    0    0    0
 [2,] 0.7452079    0    0    0    0
 [3,] 0.7452079    0    0    0    0
 [4,] 0.7452079    0    0    0    0
 [5,] 0.7452079    0    0    0    0
 [6,] 1.4904158    0    0    0    0
 [7,] 0.7452079    0    0    0    0
 [8,] 0.0000000    0    0    0    0
 [9,] 0.7452079    0    0    0    0
[10,] 0.7452079    0    0    0    0
[11,] 0.0000000    0    0    0    0
[12,] 0.7452079    0    0    0    0
[13,] 1.4904158    0    0    0    0
[14,] 1.4904158    0    0    0    0
[15,] 0.7452079    0    0    0    0
[16,] 0.7452079    0    0    0    0
[17,] 0.7452079    0    0    0    0
[18,] 0.0000000    0    0    0    0
[19,] 0.0000000    0    0    0    0
[20,] 0.0000000    0    0    0    0
[21,] 0.0000000    0    0    0    0
[22,] 0.0000000    0    0    0    0
[23,] 0.7452079    0    0    0    0
[24,] 0.7452079    0    0    0    0
[25,] 0.7452079    0    0    0    0
[26,] 0.7452079    0    0    0    0
[27,] 0.7452079    0    0    0    0
[28,] 1.4904158    0    0    0    0
[29,] 0.7452079    0    0    0    0
[30,] 1.4904158    0    0    0    0
[31,] 1.4904158    0    0    0    0
[32,] 0.7452079    0    0    0    0
[33,] 0.7452079    0    0    0    0
[34,] 0.7452079    0    0    0    0
[35,] 1.4904158    0    0    0    0
[36,] 1.4904158    0    0    0    0
[37,] 0.0000000    0    0    0    0
[38,] 0.7452079    0    0    0    0
[39,] 1.4904158    0    0    0    0
[40,] 0.0000000    0    0    0    0
[41,] 0.7452079    0    0    0    0
[42,] 0.7452079    0    0    0    0
[43,] 0.0000000    0    0    0    0
[44,] 2.2356237    0    0    0    0
[45,] 0.0000000    0    0    0    0
[46,] 1.4904158    0    0    0    0
[47,] 0.7452079    0    0    0    0
[48,] 0.7452079    0    0    0    0
[49,] 0.7452079    0    0    0    0
[50,] 1.4904158    0    0    0    0

$Ndateboots
       [,1] [,2] [,3] [,4] [,5]
 [1,] 30.24    0    0    0    0
 [2,] 10.08    0    0    0    0
 [3,] 10.08    0    0    0    0
 [4,] 10.08    0    0    0    0
 [5,] 10.08    0    0    0    0
 [6,] 20.16    0    0    0    0
 [7,] 10.08    0    0    0    0
 [8,]  0.00    0    0    0    0
 [9,] 10.08    0    0    0    0
[10,] 10.08    0    0    0    0
[11,]  0.00    0    0    0    0
[12,] 10.08    0    0    0    0
[13,] 20.16    0    0    0    0
[14,] 20.16    0    0    0    0
[15,] 10.08    0    0    0    0
[16,] 10.08    0    0    0    0
[17,] 10.08    0    0    0    0
[18,]  0.00    0    0    0    0
[19,]  0.00    0    0    0    0
[20,]  0.00    0    0    0    0
[21,]  0.00    0    0    0    0
[22,]  0.00    0    0    0    0
[23,] 10.08    0    0    0    0
[24,] 10.08    0    0    0    0
[25,] 10.08    0    0    0    0
[26,] 10.08    0    0    0    0
[27,] 10.08    0    0    0    0
[28,] 20.16    0    0    0    0
[29,] 10.08    0    0    0    0
[30,] 20.16    0    0    0    0
[31,] 20.16    0    0    0    0
[32,] 10.08    0    0    0    0
[33,] 10.08    0    0    0    0
[34,] 10.08    0    0    0    0
[35,] 20.16    0    0    0    0
[36,] 20.16    0    0    0    0
[37,]  0.00    0    0    0    0
[38,] 10.08    0    0    0    0
[39,] 20.16    0    0    0    0
[40,]  0.00    0    0    0    0
[41,] 10.08    0    0    0    0
[42,] 10.08    0    0    0    0
[43,]  0.00    0    0    0    0
[44,] 30.24    0    0    0    0
[45,]  0.00    0    0    0    0
[46,] 20.16    0    0    0    0
[47,] 10.08    0    0    0    0
[48,] 10.08    0    0    0    0
[49,] 10.08    0    0    0    0
[50,] 20.16    0    0    0    0

