$totdays
[1] 365

$Psampest
[1] 2115.562

$Pbootest
    Mean     2.5%      50%    97.5% 
2008.126 1487.239 1972.141 2621.514 

$Pboots
 [1] 2492.514 1781.936 2401.537 1885.104 1961.831 1751.754 1830.626 1618.131 2294.151 1982.452
[11] 2478.579 2188.198 2128.578 1869.421 2134.112 2279.200 1761.255 1959.701 2018.644 1848.691
[21] 1836.171 1817.091 1472.152 1602.796 2036.240 2449.214 2632.450 1450.097 1575.839 1920.106
[31] 2583.848 2095.784 1709.284 1539.206 2010.217 2178.901 1585.767 2139.615 1592.268 2278.076
[41] 2428.708 1679.433 1620.134 1766.995 2318.043 2770.367 2207.123 2319.914 2412.211 1711.831

$Bboots
 [1] 195.5963 140.0144 179.8696 137.0976 143.6709 143.5968 149.3638 126.0118 177.3846 150.0840
[11] 197.4522 175.5362 164.2383 150.7021 171.9050 175.0989 140.0150 156.7025 159.3367 144.8169
[21] 148.1205 147.5761 111.8009 120.9564 151.3983 195.0973 203.6911 109.8756 125.4315 153.5285
[31] 198.8785 168.3470 136.0827 117.2558 156.1012 163.5852 117.4685 168.0976 131.7998 177.5176
[41] 188.9441 137.4447 119.1819 139.3664 176.1508 222.7843 174.7205 178.6729 192.8591 134.6831

$Nboots
 [1] 17675.18 12920.48 16997.15 14521.14 14191.69 12328.96 13499.08 12060.59 16506.15 14871.14
[11] 18047.28 16061.40 15538.39 13770.38 15038.28 16112.21 11747.19 14179.55 15161.48 13353.30
[21] 13541.89 13454.22 11009.62 11756.78 15110.88 18037.68 19276.68 11748.96 11593.96 14047.27
[31] 19159.09 14938.04 12737.69 11458.43 14786.46 15661.35 11945.83 15136.18 11944.33 15959.64
[41] 17176.59 11766.35 12739.79 13314.24 16802.54 20434.52 15705.86 17482.36 17677.18 12253.84

$julians
[1] 623 735 839 897 988

$intdays
[1] 112 104  58  91

$Pintsampest
[1] 451.5380 456.0932 453.7901 754.1404

$Pintboots
          [,1]     [,2]     [,3]      [,4]
 [1,] 537.6475 648.3898 507.8999  798.5773
 [2,] 510.4163 456.5888 286.9828  527.9479
 [3,] 489.8865 371.9180 522.5397 1017.1932
 [4,] 594.2240 435.8684 292.0637  562.9480
 [5,] 531.9372 399.0439 333.7222  697.1272
 [6,] 487.1535 468.1557 297.1530  499.2913
 [7,] 357.2400 283.9609 400.5611  788.8634
 [8,] 499.4629 500.1996 247.1819  371.2868
 [9,] 363.0763 380.1765 527.3635 1023.5343
[10,] 389.5418 462.6039 426.9018  703.4047
[11,] 392.4678 564.3019 555.4362  966.3734
[12,] 388.6589 555.7259 543.9732  699.8402
[13,] 485.0034 412.4916 454.2609  776.8217
[14,] 366.3171 561.9518 365.5958  575.5559
[15,] 434.3993 396.7624 464.6268  838.3238
[16,] 507.3910 318.0610 472.9767  980.7709
[17,] 417.4547 440.9009 343.8210  559.0789
[18,] 340.2501 283.5446 437.9090  897.9972
[19,] 434.7245 351.3759 425.7743  806.7695
[20,] 361.8256 255.2996 392.9815  838.5839
[21,] 447.5425 497.9432 323.3825  567.3023
[22,] 471.3271 480.7980 294.8060  570.1597
[23,] 312.1538 249.8121 236.1782  674.0075
[24,] 483.7437 353.9279 244.4267  520.6976
[25,] 348.0079 427.7571 497.7988  762.6767
[26,] 427.1471 377.2653 559.1431 1085.6589
[27,] 498.2004 476.4843 613.4564 1044.3088
[28,] 340.3780 406.1582 295.5016  408.0596
[29,] 439.4439 386.4731 233.4406  516.4816
[30,] 497.3513 577.0350 356.6862  489.0339
[31,] 373.0167 525.8514 711.7374  973.2422
[32,] 403.9378 330.3681 511.5485  849.9297
[33,] 512.3042 460.5432 255.7829  480.6537
[34,] 597.6392 499.9335 202.3072  239.3259
[35,] 368.1221 355.2910 402.9871  883.8169
[36,] 551.6365 483.6549 432.6957  710.9139
[37,] 470.1488 366.8691 289.8782  458.8707
[38,] 452.8423 448.1692 468.3645  770.2388
[39,] 354.3998 492.5107 306.6072  438.7505
[40,] 568.0412 524.5972 426.1191  759.3183
[41,] 514.5426 596.3298 550.3142  767.5210
[42,] 364.6335 280.3134 376.1256  658.3602
[43,] 418.2870 393.9637 280.8844  526.9987
[44,] 466.2690 617.3266 311.7185  371.6805
[45,] 415.9215 360.9216 544.4448  996.7547
[46,] 540.9040 556.1665 669.3714 1003.9246
[47,] 449.7873 429.6967 480.3561  847.2829
[48,] 522.3930 508.7597 483.9511  804.8099
[49,] 448.4298 570.9946 539.3787  853.4080
[50,] 435.2987 476.1468 313.1483  487.2376

$Bdatesampinfo
       DATE JULIAN N     Mean     Stdev
1 9/15/2007    623 7 180.3254  99.42643
2  1/5/2008    735 7 110.7338  86.90468
3 4/18/2008    839 7 124.4991 129.42641
4 6/15/2008    897 7 258.5160 356.69006
5 9/14/2008    988 7 157.5724 147.81777

$Ndatesampinfo
       DATE JULIAN N      Mean     Stdev
1 9/15/2007    623 7  8688.536  5916.769
2  1/5/2008    735 7 17080.300  7944.247
3 4/18/2008    839 7  9151.483  9364.366
4 6/15/2008    897 7 25771.910 31306.588
5 9/14/2008    988 7 10565.660  9517.182

$Bdateboots
           [,1]      [,2]      [,3]      [,4]      [,5]
 [1,] 206.93256 127.58980 200.50451 243.36823 214.91314
 [2,] 204.25183 144.38030  84.90558 152.50285 152.28570
 [3,] 166.03632 105.42135  55.78640 383.28505 183.93482
 [4,] 239.40196 139.12642  76.45133 139.47634 147.27067
 [5,] 215.73094 102.25700  78.31838 184.47654 203.53247
 [6,] 216.68934 109.70805 150.74742 116.92100 177.33250
 [7,] 199.81461  75.74257  78.82680 244.55207 196.85275
 [8,] 189.64384 120.86763 138.62422  83.79298 131.88070
 [9,]  98.43945 134.46120  56.94790 368.09421 201.63111
[10,] 123.76930 110.73377 121.33057 228.17739 156.41920
[11,] 153.11399 108.65030 187.44868 283.03901 268.22739
[12,] 196.55959  70.11773 213.83662 253.97041 131.88070
[13,] 201.69724 103.39329  99.02745 278.25240 150.86307
[14,] 147.69571  87.37731 208.55087 121.05300 223.95832
[15,] 235.60424  59.51184 137.83119 253.97041 237.00918
[16,] 221.44546 106.10813  31.76089 355.85154 191.90424
[17,] 164.88934  93.26256 119.62122 192.78902 143.88537
[18,] 185.08154  57.37322  78.82680 283.49566 229.14673
[19,] 217.97225  68.74756 101.96709 255.61090 204.07035
[20,] 173.91152  57.74419  65.24951 259.74290 219.15039
[21,] 167.56901 148.08128 124.48603 144.80576 182.64874
[22,] 193.87992 123.05824 140.06706 121.05300 218.37262
[23,] 134.80337  66.95339  47.04753 130.84184 269.91843
[24,] 232.92457  75.47580  91.88263  99.39199 201.22615
[25,]  98.66325  95.81807 111.43020 298.64342 100.73988
[26,] 189.96273 101.21215  99.04377 366.86730 236.56955
[27,] 188.20062 146.20649 100.34993 391.39031 165.43481
[28,] 107.27867 117.97006 113.54244 118.55609  71.58875
[29,] 175.56930 102.97980  97.01574 107.13216 213.62706
[30,] 174.64612 156.97466 168.97043 139.10584 123.48037
[31,] 144.91989  89.14496 175.70229 417.59691  81.21963
[32,] 205.33531  58.76991 107.99846 338.40035 131.10293
[33,] 205.65421 157.66145  97.97446 105.86217 160.01160
[34,] 234.36673 155.20094  96.52835  73.88848  52.44388
[35,] 178.92304  65.89564  94.80595 231.74249 284.99847
[36,] 219.20977 117.08498 108.63850 249.14072 139.74315
[37,] 199.17681  87.47838  83.70466 155.93717  86.33064
[38,] 174.96502 105.63610 122.13665 288.85458 136.56080
[39,] 136.78004 116.20241 165.81496 101.88350 149.81688
[40,] 206.09362 139.44224 123.28510 244.59515 199.40219
[41,] 211.49380 103.86845 191.25723 282.38440 145.03853
[42,] 166.77091  81.10065  72.78745 259.08830 106.83389
[43,] 157.49333 109.89077  83.48556 129.15827 150.89264
[44,] 147.69571 153.11747 184.30954  93.61949 105.14285
[45,] 150.02489  82.38677  91.79045 366.86730 177.09261
[46,] 245.24156 111.50222 201.31059 377.88305 155.64143
[47,] 157.67629 137.46933  88.72717 315.06117 157.57236
[48,] 205.07991 120.23938 148.53763 251.47350 183.80190
[49,] 186.22851 101.52457 208.55087 253.92733 228.63842
[50,] 193.87992  84.36918 156.56768 118.71482 164.28165

$Ndateboots
           [,1]     [,2]      [,3]      [,4]      [,5]
 [1,]  9440.803 19659.95 15448.289 23285.109 15173.987
 [2,]  8764.661 20102.44  6726.236 15729.539  9482.774
 [3,]  9041.987 18282.07  4182.066 34468.586 13069.750
 [4,] 11980.156 20747.21  4838.913 21926.110  9164.523
 [5,] 11038.091 17165.16  5460.181 22044.881 13154.963
 [6,] 10513.660 14981.06 10176.393 13246.693 11309.751
 [7,]  9231.207 11418.60  5512.320 26216.116 12467.407
 [8,]  9474.153 19164.81 10019.530  9548.790  9544.309
 [9,]  4346.494 17225.83  4742.000 35520.320 12726.433
[10,]  5979.233 17080.30  9804.080 24336.843 10547.426
[11,]  6123.736 16772.68 14238.057 29433.173 17366.699
[12,]  9777.044 13090.56 17642.340 23852.041  9544.309
[13,] 10525.604 17139.89  8032.530 26640.044 10156.626
[14,]  6055.359 15907.58 15102.420 13373.376 15340.969
[15,] 12278.310 10978.38 11345.534 23852.041 15676.026
[16,]  9691.074 17517.63  2244.904 33767.730 12146.054
[17,]  6981.771 15332.94  8844.754 15065.093  8510.167
[18,]  7865.950 11960.71  5512.320 27687.823 15248.757
[19,] 11064.657 15352.37  7873.367 25037.699 13700.301
[20,]  9182.783 10933.52  5043.664 25164.381 15360.464
[21,]  7295.577 18620.72  9945.197 15896.817 12114.116
[22,]  9463.239 18457.98  9639.569 13373.376 15228.690
[23,]  6171.619 11973.64  3672.886 16341.023 17930.271
[24,] 11964.504 13778.20  6722.551 13984.860 13118.494
[25,]  4950.217 15668.22  8734.966 30174.624  6781.193
[26,]  9118.113 16510.37  6800.569 36127.849 16305.784
[27,]  8829.331 19590.31  7816.160 39789.111 10992.929
[28,]  5394.327 15688.30  7630.839 18126.969  5705.139
[29,]  9511.121 16555.23  7676.813 10279.046 14218.353
[30,]  8054.629 19398.09 11883.459 16594.389  8571.701
[31,]  6338.980 15952.44 13605.170 41097.496  5623.537
[32,] 10314.979 13032.76  7610.029 29245.617  9412.534
[33,]  9958.939 18633.65  7142.753 14425.110 11539.529
[34,] 12246.990 21422.52  7960.961  8109.767  4433.943
[35,]  7494.259 13765.27  7795.350 24042.881 19590.434
[36,] 11095.977 18602.62  8911.539 24597.449  9971.577
[37,]  9943.287 16962.43  5819.049 16728.311  6603.769
[38,]  7698.589 17489.97  7684.361 27206.977  8628.237
[39,]  6143.917 15643.44 11742.341 12925.886  8787.427
[40,] 10608.514 21009.97  9038.010 22677.580 11617.521
[41,] 10686.670 17445.11 14886.970 26766.727  8528.401
[42,]  7913.833 12106.24  4645.657 22497.936  7717.331
[43,]  6578.760 18079.83  5957.016 18693.901  9878.104
[44,]  6055.359 21114.91 12864.979 12672.520  7153.759
[45,]  8194.866 15302.80  5820.433 36127.849 11723.316
[46,] 12707.887 18359.79 13328.570 38487.967 10415.651
[47,]  7731.939 18577.84  6581.434 28515.361 10565.660
[48,] 11180.917 19372.25 10294.930 28605.634 12132.350
[49,]  9926.166 16040.18 15102.420 27390.577 14424.897
[50,]  9463.239 14555.57 11181.023 13059.809 10974.694

